0.002489 240.39988683858246
0.10933877377377378 385.47602705731697
0.21618854754754754 530.6838227370972
0.3230383213213213 686.8625200259121
0.4298880950950951 845.9645422369067
0.5367378688688689 995.5432520741306
0.6435876426426426 1141.8168793488876
0.7504374164164164 1290.0354082142585
0.8572871901901902 1433.5046530155523
0.964136963963964 1576.2101005235163
1.0709867377377378 1716.1823800808052
1.1778365115115115 1864.661476848385
1.2846862852852852 2013.8615875403775
1.391536059059059 2160.1352148151345
1.4983858328328328 2337.126432525183
1.6052356066066067 2502.0986444518203
1.7120853803803804 2651.677354289044
1.818935154154154 2797.950981563801
1.925784927927928 2946.169510429172
2.032634701701702 3086.141789986461
2.139484475475476 3222.260820963027
2.2463342492492493 3365.5384118238435
2.353184023023023 3509.1969061000127
2.460033796796797 3651.857496083161
2.5668835705705706 3795.7428441152006
2.6737333443443445 3933.1541846487235
2.7805831181181184 4073.257003326966
2.8874328918918923 4221.307002183115
2.994282665665666 4367.587042502157
3.1011324394394397 4517.209967093375
3.2079822132132136 4659.1066077004725
3.314831986986987 4800.412848038541
3.421681760760761 4948.400164237646
3.528531534534535 5090.040139955287
3.6353813083083084 5235.589699724587
3.7422310820820823 5375.561979281876
3.8490808558558562 5519.836458560319
3.9559306296296297 5670.1527096545105
4.062780403403403 5812.213067477074
4.169630177177177 5956.8568135773385
4.276479950950951 6102.978358703083
4.3833297247247245 6243.67928477993
4.490179498498498 6382.19837447974
4.597029272272272 6523.157932098431
4.703879046046046 6665.341299948115
4.810728819819819 6806.63015638879
4.917578593593594 6953.572677215809
5.024428367367367 7107.31586497106
5.131278141141141 7265.026065212514
5.238127914914915 7402.8373481875315
5.344977688688688 7551.695891555806
5.451827462462463 7697.206894984978
5.558677236236236 7835.018177959995
5.66552701001001 7973.481818438086
5.772376783783784 8129.091200032068
5.8792265575575575 8272.682701569749
5.986076331331331 8415.76102637536
6.092926105105105 8561.272029804531
6.199775878878879 8704.863531342213
6.306625652652652 8845.20203162208
6.413475426426427 8987.549734962333
6.5203252002002 9134.835494638006
6.627174973973974 9278.224855432869
6.734024747747748 9421.505320981298
6.840874521521521 9567.01632441047
6.947724295295295 9710.405685205333
7.054574069069069 9860.276251048563
7.161423842842843 10005.221606778141
7.268273616616616 10146.946077391854
7.3751233903903906 10292.457080821026
7.481973164164164 10437.402436550605
7.5888229379379375 10577.342141612971
7.695672711711712 10716.486349862163
7.802522485485485 10863.803371518676
7.909372259259259 11005.71690731583
8.016222033033033 11150.473197861967
8.123071806806808 11295.98420129114
8.229921580580582 11438.569290523606
8.336771354354354 11583.295207381103
8.443621128128129 11725.239116866898
8.550470901901903 11870.75012029607
8.657320675675676 12015.476037153567
8.76417044944945 12156.136301280509
8.871020223223224 12296.378310936278
8.977869996996997 12441.748002298424
9.084719770770771 12590.870148302114
9.191569544544546 12740.139859459443
9.298419318318318 12888.847721490398
9.405269092092093 13036.318541106688
9.512118865865867 13175.51754783369
9.61896863963964 13322.98836744998
9.725818413413414 13468.499370879152
9.832668187187188 13606.97865400085
9.939517960960961 13744.746107082363
10.046367734734735 13892.216926698653
10.15321750850851 14030.696209820351
10.260067282282282 14166.784955552372
10.366917056056057 14311.034247146767
10.473766829829831 14450.6216151091
10.580616603603605 14588.611641688265
10.687466377377378 14734.751802966268
10.794316151151152 14874.3391709286
10.901165924924927 15015.324695689349
11.0080156986987 15160.259944547739
11.114865472472474 15298.95754187712
11.221715246246248 15454.612483692676
11.32856502002002 15598.54890418204
11.435414793793795 15742.88406074897
11.54226456756757 15891.047068003129
11.649114341341342 16034.595218177521
11.755964115115116 16177.71689434642
11.86281388888889 16323.227897775592
11.969663662662663 16466.776047949985
12.076513436436437 16608.909969291017
12.183363210210212 16750.2543058578
12.290212983983984 16897.634899397643
12.397062757757759 17045.464627885427
12.503912531531533 17193.36410470523
12.610762305305306 17341.5555199941
12.71761207907908 17495.843877406936
12.824461852852854 17638.740268901252
12.931311626626627 17776.55155187627
13.038161400400401 17917.043291549446
13.145011174174176 18114.234610364685
13.251860947947948 18254.909585874477
13.358710721721723 18400.904436707977
13.465560495495497 18546.41544013715
13.57241026926927 18687.09041564694
13.679260043043044 18828.28877216524
13.786109816816818 18970.13299595665
13.892959590590591 19110.80797146644
13.999809364364365 19255.53095189398
14.10665913813814 19398.385906906562
14.213508911911912 19542.50965175956
14.320358685685687 19679.24850771348
14.427208459459461 19822.103462726063
14.534058233233234 19966.22720757906
14.640908007007008 20095.74426530245
14.747757780780782 20237.185678099457
14.854607554554555 20378.93581046688
14.96145732832833 20518.875515529246
15.068307102102104 20657.883687638758
15.175156875875876 20800.780079133074
15.28200664964965 20947.304162056585
15.388856423423425 21094.621183713098
15.495706197197197 21237.517575207414
15.602555970970972 21380.82280134147
15.709405744744746 21523.719192835786
15.816255518518519 21670.06262172386
15.923105292292293 21814.113019575525
16.029955066066066 21957.00941106984
16.13680483983984 22102.243451496324
16.243654613613614 22248.123453681153
16.35050438738739 22397.89066132132
16.457354161161163 22538.477758696616
16.564203934934937 22681.339009513118
16.67105370870871 22826.85001294229
16.777903482482483 22970.957671653865
16.884753256256257 23119.66553368482
16.99160303003003 23267.13635330111
17.098452803803806 23410.032744795426
17.20530257757758 23548.512027917124
17.31215235135135 23696.951361423373
17.419002125125125 23849.48352895958
17.5258518988989 23993.515089854
17.632701672672674 24136.38423780685
17.73955144644645 24279.343103415238
17.846401220220223 24413.483594573823
17.953250993993993 24555.925681516303
18.060100767767768 24714.44920437668
18.166950541541542 24860.188279521964
18.273800315315317 25004.99309460167
18.38065008908909 25150.834219394063
18.487499862862865 25295.517885813686
18.594349636636636 25444.37382902587
18.70119941041041 25595.242425657198
18.808049184184185 25743.7001890744
18.91489895795796 25896.95238085909
19.021748731731734 26041.210868958493
19.128598505505508 26190.136143960342
19.23544827927928 26332.544131413022
19.342298053053053 26465.648801327407
19.449147826826827 26612.118152937088
19.5559976006006 26755.875986076135
19.662847374374376 26896.473868580382
19.76969714814815 27049.640307916125
19.87654692192192 27195.565588765763
19.983396695695696 27339.25830095027
20.09024646946947 27491.19228196924
20.197096243243244 27642.924380720462
20.30394601701702 27798.454510689247
20.410795790790793 27929.729845717797
20.517645564564564 28083.162384890784
20.62449533833834 28226.00959040068
20.731345112112113 28370.343359612627
20.838194885885887 28516.414114829684
20.94504465965966 28664.600818511215
21.051894433433436 28818.344006266467
21.15874420720721 28976.05420650792
21.26559398098098 29113.865489482938
21.372443754754755 29250.36356864781
21.47929352852853 29388.79310739675
21.586143302302304 29533.765876512873
21.69299307607608 29684.509959733492
21.799842849849853 29840.119341327474
21.906692623623623 29983.710842865155
22.013542397397398 30124.049343145023
22.120392171171172 30263.12040048775
22.227241944944947 30400.29030976584
22.33409171871872 30548.53211306975
22.440941492492495 30698.57787625774
22.547791266266266 30845.863635933412
22.65464104004004 30989.252996728275
22.761490813813815 31129.546217191266
22.86834058758759 31274.405770384277
22.975190361361364 31420.878779663042
23.082040135135138 31571.30439234397
23.18888990890891 31716.249748073547
23.295739682682683 31856.189453135914
23.402589456456457 31992.767279287553
23.50943923023023 32138.094016739742
23.616289004004006 32279.827492803437
23.72313877777778 32427.51449115757
23.82998855155155 32574.831512814082
23.936838325325326 32716.745048611236
24.0436880990991 32861.033130442454
24.150537872872874 33003.26145167101
24.25738764664665 33149.59743181901
24.364237420420423 33294.32334867651
24.471087194194194 33434.98361280345
24.57793696796797 33575.22562245922
24.684786741741743 33717.61280911938
24.791636515515517 33862.33710953487
24.89848628928929 34007.042536646666
25.005336063063066 34152.77614359383
25.112185836836836 34301.89828959752
25.21903561061061 34451.16800075485
25.325885384384385 34599.875862785804
25.43273515815816 34747.346682402094
25.539584931931934 34885.82596552379
25.64643470570571 35021.91471125581
25.75328447947948 35163.500175254194
25.860134253253253 35302.90430843025
25.966984027027028 35448.6934042616
26.073833800800802 35589.88155866971
26.180683574574577 35729.46892663204
26.28753334834835 35865.82183508629
26.39438312212212 36009.902449801375
26.501232895895896 36151.757298830285
26.60808266966967 36296.46272594208
26.714932443443445 36442.41125761441
26.82178221721722 36591.68096877174
26.928631990990993 36740.588190050265
27.035481764764764 36889.29605208122
27.14233153853854 37036.76687169751
27.249181312312313 37175.24615481921
27.356031086086087 37311.33490055123
27.46288085985986 37453.912202044376
27.569730633633636 37602.075209298535
27.67658040740741 37745.62335947293
27.78343018118118 37887.75728081396
27.890279954954956 38028.965088935045
27.99712972872873 38169.55564446922
28.103979502502504 38313.523050721924
28.21082927627628 38456.133503229634
28.317679050050053 38595.97831726423
28.424528823823824 38737.176673782524
28.531378597597598 38889.20432933846
28.638228371371373 39038.24687421943
28.745078145145147 39187.446984911425
28.85192791891892 39332.69321005713
28.958777692692696 39473.36818556692
29.065627466466466 39660.290539733454
29.17247724024024 39825.26275166009
29.279327014014015 39965.93772716988
29.38617678778779 40107.13608368818
29.493026561561564 40247.459993567216
29.59987633533534 40386.6401900232
29.70672610910911 40534.37826341692
29.813575882882883 40677.23321842951
29.920425656656658 40821.3569632825
30.027275430430432 40952.63229831105
30.134125204204206 41095.66632542239
30.24097497797798 41235.72498527642
30.34782475175175 41378.57994028901
30.454674525525526 41522.703685142005
30.5615242992993 41666.23918522522
30.668374073073075 41815.96578733782
30.77522384684685 41965.77571967698
30.882073620620623 42114.68294095551
30.988923394394394 42255.3579164653
31.09577316816817 42396.556272983595
31.202622941941943 42536.88018286263
31.309472715715717 42676.06037931862
31.41632248948949 42823.79845271233
31.523172263263266 42966.65340772492
31.630022037037037 43110.77715257792
31.73687181081081 43225.798327540426
31.843721584584586 43381.09076301927
31.95057135835836 43521.64370638559
32.05742113213213 43667.57123641197
32.1642709059059 43809.938690288225
32.271120679679676 43959.15159497656
32.37797045345345 44105.69732446523
32.484820227227225 44249.50589999202
32.591670001001 44391.10421935056
32.69851977477477 44533.447198105314
32.80536954854855 44680.05605131712
32.91221932232232 44826.08363354375
33.019069096096096 44965.71381238299
33.12591886986987 45100.39299568364
33.23276864364364 45240.02317452288
33.33961841741741 45381.6412595719
33.44646819119119 45527.43035540325
33.55331796496496 45670.51095231468
33.660167738738735 45811.06389568101
33.76701751251251 45956.99142570738
33.873867286286284 46099.66456299345
33.98071706006006 46248.571784271975
34.08756683383383 46395.11751376065
34.19441660760761 46538.92608928744
34.30126638138138 46739.145340989126
34.408116155155156 46881.04715803296
34.51496592892893 47029.97115013913
34.6218157027027 47178.33621288616
34.72866547647647 47322.85092794127
34.835515250250246 47471.76927729888
34.94236502402402 47623.828566067314
35.049214797797795 47770.249035342116
35.15606457157157 47913.266943461975
35.262914345345344 48056.53888983751
35.36976411911912 48202.50130537685
35.47661389289289 48345.77776302317
35.58346366666667 48489.8081093073
35.69031344044044 48627.510497118885
35.797163214214216 48769.36684877836
35.90401298798798 48915.17069922533
36.01086276176176 49060.40047363957
36.11771253553553 49203.85585336159
36.224562309309306 49349.260241878656
36.33141208308308 49500.19731655312
36.438261856856855 49650.043195596285
36.54511163063063 49788.01746301055
36.6519614044044 49930.056609014864
36.75881117817818 50069.14010781402
36.86566095195195 50204.30071230007
36.972510725725726 50346.941452567844
37.0793604994995 50495.774060517535
37.18621027327327 50644.83359217434
37.29306004704704 50795.776518857616
37.39990982082082 50947.42702293246
37.50675959459459 51095.9063752479
37.613609368368365 51245.30435730303
37.72045914214214 51392.22619488499
37.827308915915914 51543.89743191931
37.93415868968969 51678.28973451158
38.04100846346346 51824.022523907435
38.14785823723724 51973.80409508072
38.25470801101101 52126.20701867543
38.361557784784786 52276.55805384781
38.46840755855855 52426.37805284395
38.57525733233233 52574.42066840691
38.6821071061061 52721.76976526997
38.788956879879876 52875.32026367192
38.89580665365365 53017.858215945234
39.002656427427425 53167.60766028623
39.1095062012012 53306.89582237479
39.216355974974974 53463.00135268329
39.32320574874875 53612.32972761529
39.43005552252252 53758.889496966105
39.5369052962963 53909.1309138082
39.64375507007007 54060.8279664743
39.75060484384384 54209.0079084953
39.85745461761761 54361.903428885256
39.96430439139139 54512.716037497
40.07115416516516 54660.409418536976
40.178003938938936 54807.59484314536
40.28485371271271 54956.68355579626
40.391703486486485 55117.91269610614
40.49855326026026 55265.1881464373
40.60540303403403 55407.34907672777
40.71225280780781 55553.867694412416
40.81910258158158 55702.412985269315
40.925952355355356 55850.60731121592
41.032802129129124 55995.11053506915
41.1396519029029 56130.07934763888
41.24650167667667 56271.37717514449
41.35335145045045 56419.036666714426
41.46020122422422 56555.06684594795
41.567050997997995 56692.97602103259
41.67390077177177 56833.81323184499
41.780750545545544 56973.947229297264
41.88760031931932 57117.033282302495
41.99445009309309 57261.47884632541
42.10129986686687 57397.07236489738
42.20814964064064 57531.4047157108
42.314999414414416 57677.585938300355
42.42184918818818 57822.05540821579
42.52869896196196 57969.992309171066
42.63554873573573 58119.371960490724
42.742398509509506 58264.74090272444
42.84924828328328 58409.51393817576
42.956098057057055 58558.25850171542
43.06294783083083 58698.077887395266
43.169797604604604 58836.13031584323
43.27664737837838 58982.18127609893
43.38349715215215 59130.060329375294
43.49034692592593 59269.08916848121
43.5971966996997 59405.747635893524
43.70404647347347 59546.7224173178
43.81089624724724 59678.9433890465
43.91774602102102 59819.30167900902
44.02459579479479 59975.813007007295
44.131445568568566 60142.620280099014
44.23829534234234 60291.19776071486
44.345145116116115 60432.1858284217
44.45199488988989 60568.76768010401
44.55884466366366 60712.436976719444
44.66569443743744 60861.56925432541
44.77254421121121 61011.988667827885
44.879393984984986 61160.82304941863
44.986243758758754 61309.575594272144
45.09309353253253 61456.94775037837
45.1999433063063 61602.70169477866
45.30679308008008 61749.96114610811
45.41364285385385 61886.81390553372
45.520492627627625 62023.7810138402
45.6273424014014 62165.20434122419
45.734192175175174 62303.574292296194
45.84104194894895 62445.662174695404
45.94789172272272 62595.68411175592
46.0547414964965 62741.161022306595
46.16159127027027 62886.44959998698
46.26844104404404 63037.34013409683
46.37529081781781 63188.99673432732
46.48214059159159 63336.51622563024
46.58899036536536 63484.57854504205
46.695840139139136 63643.038707216096
46.80268991291291 63794.12378698602
46.909539686686685 63943.24212318653
47.01638946046046 64092.13903056912
47.123239234234234 64238.59674558739
47.23008900800801 64383.59851214956
47.33693878178178 64527.3557642239
47.44378855555556 64676.29275558848
47.550638329329324 64826.50863378891
47.6574881031031 64975.887076643325
47.76433787687687 65122.8210632384
47.87118765065065 65271.73511224534
47.97803742442442 65421.92297094088
48.084887198198196 65572.26492903475
48.19173697197197 65720.75581559783
48.298586745745745 65878.62973182948
48.40543651951952 66028.39327780742
48.51228629329329 66177.10605677243
48.61913606706707 66326.56640608149
48.72598584084084 66474.46207956332
48.832835614614616 66619.5472585804
48.939685388388384 66768.08563309515
49.04653516216216 66920.3013358808
49.15338493593593 67068.95537907121
49.26023470970971 67217.4438924015
49.36708448348348 67367.68457022961
49.473934257257255 67517.29492656162
49.58078403103103 67660.3688424709
49.687633804804804 67807.04763674393
49.79448357857858 67956.20532498445
49.90133335235235 68102.02591466895
50.00818312612613 68246.7074414115
50.1150328998999 68395.16511117757
50.22188267367367 68446.54181921156
50.32873244744744 68491.30359318375
50.43558222122122 68596.37529621735
50.54243199499499 68747.46037598727
50.649281768768766 68897.0390858245
50.75613154254254 69046.157422025
50.862981316316315 69195.05432940759
50.96983109009009 69341.51204442586
51.076680863863864 69489.54648554772
51.18353063763764 69636.00420056599
51.29038041141141 69781.00596712816
51.39723018518519 69929.42393262738
51.504079958958954 70078.8023754818
51.61092973273273 70225.73636207687
51.7177795065065 70375.25955994213
51.82462928028028 70525.601518036
51.93147905405405 70675.18022787322
52.038328827827826 70831.96632083073
52.1451786016016 70981.72986680867
52.252028375375374 71131.3085766459
52.35887814914915 71280.02135561091
52.46572792292292 71429.48170491996
52.5725776966967 71577.3773784018
52.67942747047047 71723.97386106009
52.78627724424424 71873.63792488204
52.89312701801801 72023.21663471927
52.99997679179179 72171.87067790968
53.10682656556556 72321.02115923086
53.21367633933934 72470.63151556287