0.003162 15045.71964687435
0.020161539539539537 21906.95993260143
0.037161079079079076 24194.97621589736
0.054160618618618615 26516.1170854636
0.07116015815815815 32244.487430877634
0.08815969769769769 36255.40438583505
0.10515923723723723 38593.640447279555
0.12215877677677678 40907.23714719899
0.1391583163163163 43202.79760014173
0.15615785585585584 45517.94061326701
0.17315739539539537 47831.53731318645
0.19015693493493493 49877.923618380446
0.20715647447447447 51962.09658917517
0.224156014014014 55916.8907111031
0.24115555355355356 59156.5554974128
0.2581550930930931 61494.79155885731
0.2751546326326326 64018.38462973852
0.29215417217217216 66497.15769884945
0.3091537117117117 68835.39376029395
0.3261532512512512 71148.99046021339
0.34315279079079075 72973.6005145479
0.36015233033033034 74411.87856180337
0.37715186986986987 76598.48588485504
0.3941514094094094 79019.7151861724
0.41115094894894894 81400.18290236627
0.42815048848848847 83814.22613069811
0.445150028028028 86163.20568198233
0.46214956756756753 88724.68313289946
0.4791491071071071 91810.32465558965
0.49614864664664665 94148.56071703415
0.5131481861861862 96462.15741695359
0.5301477257257257 99551.78635466297
0.5471472652652652 101839.8026379589
0.5641468048048048 104160.94350752514
0.5811463443443443 106476.08652065042
0.5981458838838839 108588.33659954683
0.6151454234234234 110903.47961267212
0.632144962962963 113541.3468599735
0.6491445025025024 115870.07943876903
0.666144042042042 119213.27267993102
0.6831435815815815 122452.93746624072
0.7001431211211211 124778.26212298998
0.7171426606606607 127314.76659856644
0.7341422002002002 129793.53966767737
0.7511417397397397 131879.9174337401
0.7681412792792792 134220.93275969906
0.7851408188188188 136487.06265410094
0.8021403583583583 138771.23055034678
0.8191398978978979 141304.32710387697
0.8361394374374375 143783.1001729879
0.8531389769769769 146111.83275178343
0.8701385165165165 148433.38332008745
0.887138056056056 150749.5363670229
0.9041375955955956 152913.6336540149
0.9211371351351351 155392.40672312584
0.9381366746746747 157731.15343977953
0.9551362142142142 160209.92650889046
0.9721357537537537 162360.0622932862
0.9891352932932933 164384.42407337425
1.006134832832833 166643.42484615883
1.0231343723723725 169096.2671297281
1.040133911911912 171424.99970852362
1.0571334514514514 173746.55027682765
1.0741329909909911 176062.7033237631
1.0911325305305306 178373.9845786848
1.10813207007007 180705.57367986604
1.1251316096096098 183024.26772578433
1.1421311491491493 185523.09346563066
1.1591306886886887 187829.91746586654
1.1761302282282282 190141.5751911318
1.193129767767768 192429.16025967314
1.2101293073073074 194800.81091458735
1.2271288468468469 197059.81168737193
1.2441283863863866 199412.84738150344
1.261127925925926 201562.98316589918
1.2781274654654655 203846.9440241513
1.295127005005005 206173.53112508915
1.3121265445445447 208708.77315647702
1.3291260840840842 211187.54622558795
1.3461256236236236 213990.0382951114
1.3631251631631631 216315.36295186065
1.3801247027027028 218851.8674274371
1.3971242422422423 221330.64049654803
1.4141237817817818 223207.8082995367
1.4311233213213215 225032.4183538712
1.448122860860861 226780.13592118968
1.4651224004004004 229013.24047146342
1.48212193993994 231399.98169355257
1.4991214794794796 233888.00535987667
1.516121019019019 236500.71318232815
1.5331205585585586 238827.300283266
1.5501200980980983 241134.12428350188
1.5671196376376377 243733.10529196565
1.5841191771771772 246643.80745328823
1.6011187167167167 248950.6314535241
1.6181182562562564 251262.28917878936
1.6351177957957959 253549.8742473307
1.6521173353353353 255921.5249022449
1.669116874874875 258180.5256750295
1.6861164144144145 260533.561369161
1.703115953953954 262519.35115476686
1.7201154934934935 264396.5189577555
1.7371150330330332 266065.8027570443
1.7541145725725726 267447.08598519315
1.7711141121121121 269403.2501634065
1.7881136516516518 271836.2840846868
1.8051131911911913 274212.99051903584
1.8221127307307308 276486.16447301616
1.8391122702702702 278711.48062056804
1.85611180980981 281200.2608519946
1.8731113493493494 283460.9492673577
1.890110888888889 285722.71773448715
1.9071104284284286 288051.2059641528
1.924109967967968 290636.1048639477
1.9411095075075075 292883.38844526804
1.958109047047047 295400.95819976204
1.9751085865865867 297278.1260027507
1.9921081261261262 299492.465006258
2.009107665665666 301616.5664530345
2.0261072052052054 303628.0203918505
2.043106744744745 305505.18819483917
2.0601062842842843 307232.7022493809
2.077105823823824 308613.9854775297
2.0941053633633633 310909.92079617444
2.1111049029029028 312787.0885991631
2.1281044424424427 314781.7220157974
2.145103981981982 316935.9843278596
2.1621035215215216 319254.02584376745
2.179103061061061 321750.83959956793
2.1961026006006006 323986.60983575357
2.21310214014014 325863.77763874223
2.2301016796796795 327358.04148485267
2.2471012192192195 329369.49542366865
2.264100758758759 331097.00947821036
2.2811002982982984 332677.9136621995
2.298099837837838 334965.18250345835
2.3150993773773774 337495.43344796414
2.332098916916917 339658.5972309164
2.3490984564564563 341808.7330153121
2.3660979959959962 343473.7194686419
2.3830975355355357 345494.94603061746
2.400097075075075 347945.76519973145
2.4170966146146147 350095.9009841272
2.434096154154154 352468.7611822878
2.4510956936936936 354618.89696668356
2.468095233233233 356895.477410723
2.485094772772773 359402.9513866672
2.5020943123123125 362313.6535479898
2.519093851851852 364711.9845807452
2.5360933913913914 366589.1523837339
2.553092930930931 368715.2268634408
2.5700924704704704 371021.8729234893
2.58709201001001 373341.3210877748
2.60409154954955 375481.7577231203
2.6210910890890893 377663.64435185655
2.6380906286286288 379772.3819763053
2.6550901681681682 383372.32167588605
2.6720897077077077 385860.34534221014
2.689089247247247 388473.05316466163
2.7060887867867867 390799.6402655995
2.723088326326326 393101.1843313915
2.740087865865866 395705.4452742991
2.7570874054054055 398616.1474356217
2.774086944944945 400779.31121857394
2.7910864844844845 402656.4790215626
2.808086024024024 404440.03335236944
2.8250855635635634 406615.660018275
2.842085103103103 409066.479187389
2.859084642642643 411165.9160221013
2.8760841821821823 413589.4751699454
2.893083721721722 415560.4741461774
2.9100832612612613 417437.6419491661
2.9270828008008007 418818.9251773149
2.94408234034034 421121.13379629876
2.9610818798798797 423569.77541017055
2.9780814194194196 426005.554745681
2.995080958958959 428316.43440646713
3.0120804984984986 430573.8042746562
3.029080038038038 432789.80081019585
3.0460795775775775 435240.52532316337
3.063079117117117 437618.30700477783
3.0800786566566565 439641.07336171286
3.0970781961961964 441518.2411647015
3.114077735735736 442987.05587991513
3.1310772752752754 444368.33910806396
3.148076814814815 445584.3678480899
3.1650763543543543 447689.107451851
3.182075893893894 449885.0007858927
3.1990754334334333 452050.24218757986
3.216074972972973 454296.8184498898
3.2330745125125127 456526.3713999224
3.250074052052052 458895.0740364535
3.2670735915915916 461148.30635860737
3.284073131131131 463359.782036596
3.3010726706706706 465382.548393531
3.31807221021021 466851.3631087446
3.33507174974975 468150.1395083148
3.3520712892892894 470121.1384845468
3.369070828828829 471778.9627558328
3.3860703683683684 473578.12127420306
3.403069907907908 476013.50584759004
3.4200694474474473 478441.2994368165
3.437068986986987 480752.1790976026
3.4540685265265267 483009.5489657917
3.471068066066066 485248.4764250724
3.4880676056056057 487676.27001429885
3.505067145145145 490054.0516959133
3.5220666846846846 492178.9713431472
3.539066224224224 494201.73770008225
3.5560657637637636 495859.56197136827
3.5730653033033035 497328.3766865819
3.590064842842843 498749.94311597187
3.6070643823823825 501016.62849327375
3.624063921921922 502893.7962962624
3.6410634614614614 504679.4347954049
3.658063001001001 506932.95845293405
3.6750625405405404 509250.1097238249
3.6920620800800803 511703.27944613097
3.7090616196196198 514094.54477156105
3.7260611591591593 516317.98861644126
3.7430606986986987 518497.52728184
3.760060238238238 520513.38407481264
3.7770597777777777 522837.56029601546
3.794059317317317 525141.7593982961
3.811058856856857 527018.9272012848
3.8280583963963966 528593.6260841289
3.845057935935936 530226.3777127768
3.8620574754754755 532103.5455157654
3.879057015015015 534382.4138532296
3.8960565545545545 536638.6396164187
3.913056094094094 538941.2080737621
3.9300556336336334 541226.977196775
3.9470551731731733 543538.8701175697
3.964054712712713 545863.6978206105
3.9810542522522523 547740.8656235992
3.9980537917917918 549795.0264408732
4.015053331331331 552027.4184124015
4.032052870870871 553904.5862153901
4.04905241041041 556034.2061692475
4.06605194994995 558322.4387508646
4.083051489489489 560501.0452169547
4.100051029029029 562815.7830783172
4.117050568568568 565031.2245541454
4.134050108108108 567636.6433822204
4.151049647647647 570130.1926485327
4.1680491871871865 572352.4327299757
4.185048726726726 574229.6005329643
4.2020482662662655 575610.8837611132
4.219047805805805 577510.9010933553
4.236047345345345 579699.317375155
4.253046884884885 581930.1699130031
4.270046424424424 584238.0756541343
4.287045963963964 586337.9185961582
4.304045503503503 588215.0863991468
4.321045043043043 589895.3413743298
4.338044582582582 591406.9596802084
4.355044122122122 593660.1920023622
4.372043661661661 595882.4320838052
4.389043201201201 598093.9077617938
4.40604274074074 599778.0177680093
4.42304228028028 601364.8450467341
4.440041819819819 603635.3628502289
4.4570413593593585 606001.7284138015
4.474040898898898 608360.2379090808
4.491040438438438 610610.5322467723
4.508039977977978 612802.9699987237
4.525039517517517 615080.0637791437
4.542039057057057 617363.7595778062
4.559038596596596 619581.5618123409
4.576038136136136 621458.7296153295
4.593037675675675 623405.631351849
4.610037215215215 625282.7991548376
4.627036754754754 627021.3573717168
4.644036294294294 629551.6083162226
4.661035833833833 631701.7441006183
4.678035373373373 633345.1313111767
4.695034912912912 635222.2991141654
4.712034452452452 637325.3792011896
4.729033991991992 639453.0777505108
4.746033531531531 641724.1861596063
4.763033071071071 643983.2323796696
4.78003261061061 646227.8459080094
4.79703215015015 648353.151686398
4.814031689689689 650950.0950266982
4.831031229229229 654587.9249313896
4.848030768768768 657636.9875008463
4.865030308308308 660125.0111671704
4.882029847847847 662737.7189896218
4.899029387387387 669154.2524233513
4.916028926926926 671403.5158805539
4.933028466466466 673668.2682053316
4.950028006006005 679491.7799216275
4.9670275455455455 683502.6968765849
4.984027085085085 685840.9329380294
5.001026624624624 688154.5296379488
5.018026164164164 690021.6783709979
5.035025703703703 692988.7818886664
5.052025243243243 695327.017950111
5.069024782782782 697640.6146500304
5.086024322322322 699783.2723515183
5.103023861861861 701952.2694470419
5.120023401401401 704144.1961044995
5.13702294094094 706426.3539864995
5.15402248048048 708739.9506864189
5.171022020020019 711141.5156658053
5.188021559559559 713479.7517272498
5.205021099099099 716490.9824571147
5.2220206386386385 718945.2427951383
5.239020178178178 721283.4788565828
5.2560197177177175 723597.0755565022
5.273019257257257 725634.8534578541
5.290018796796796 729235.1108547935
5.307018336336336 732117.0475700541
5.324017875875875 734455.2836314986
5.341017415415415 736768.880331418
5.358016954954954 739051.1063811488
5.375016494494494 741202.3672607715
5.392016034034033 743515.9639606909
5.409015573573573 746799.0788454128
5.426015113113112 748885.4566114756
5.443014652652652 751226.4719374345
5.460014192192192 753492.6018318364
5.477013731731732 756285.1638574944
5.494013271271271 758427.8215589823
5.5110128108108105 760788.6393507234
5.52801235035035 763117.3719295189
5.5450118898898895 765438.9224978229
5.562011429429429 767755.0755447584
5.579010968968968 770274.7243628049
5.596010508508508 772603.4569416004
5.613010048048047 774925.0075099044
5.630009587587587 777241.1605568399
5.647009127127126 779787.3644259427
5.664008666666666 782241.6247639662
5.681008206206205 784328.0025300289
5.698007745745746 786701.5506987075
5.715007285285285 788935.1477503898
5.732006824824825 792531.4928236214
5.749006364364364 795413.429538882
5.7660059039039036 797695.6555886128
5.783005443443443 799840.8226309037
5.8000049829829825 802160.5131681549
5.817004522522522 804389.1785750363
5.8340040620620615 806758.7264352614
5.851003601601601 809402.9900441925
5.86800314114114 811731.722622988
5.88500268068068 814053.2731912921
5.902002220220219 816369.4262382275
5.919001759759759 818651.6522879583
5.936001299299299 821012.2965943305
5.953000838838839 823299.5654355893
5.970000378378378 825829.8163800951
5.986999917917918 828112.0424298259
6.003999457457457 830262.1782142216
6.020998996996997 832576.900009368
6.037998536536536 834727.0357937637
6.0549980760760755 836443.1176891784
6.071997615615615 838641.8282333602
6.0889971551551545 840917.330695242
6.105996694694694 843081.657826448
6.1229962342342334 845231.7936108437
6.139995773773773 847822.264686365
6.156995313313312 849964.9223878529
6.173994852852853 852133.9194833766
6.190994392392392 854325.8461408342
6.207993931931932 856343.6753667603
6.224993471471471 858921.6007227536
6.241993011011011 861184.7493068922
6.25899255055055 863635.6313218768
6.27599209009009 865974.9984635039
6.292991629629629 868824.7678927564
6.309991169169169 871706.704608017
6.326990708708708 874194.7282743411
6.3439902482482475 876807.4360967926
6.360989787787787 879134.0231977304
6.3779893273273265 881435.5672635224
6.394988866866866 884068.593652492
6.411988406406406 886950.5303677527
6.428987945945946 889232.7564174834
6.445987485485485 891109.9242204721
6.462987025025025 893697.6139970255
6.479986564564564 895574.7818000142
6.496986104104104 897479.1645588939
6.513985643643643 899762.5422210178
6.530985183183183 902038.0446828996
6.547984722722722 904202.3718141055
6.564984262262262 906220.8129123029
6.581983801801801 908097.9807152916
6.598983341341341 910262.3528214736
6.61598288088088 912441.5456091048
6.6329824204204195 914318.7134120935
6.649981959959959 915771.8178639216
6.666981499499499 917227.6133508551
6.683981039039039 919439.0890288437
6.700980578578578 921383.7294259691
6.717980118118118 923944.7013213842
6.734979657657657 926271.288422322
6.751979197197197 928687.197110478
6.768978736736736 931526.8236969291
6.785978276276276 934087.7955923442
6.802977815815815 936137.8671325742
6.819977355355355 938216.4295134466
6.836976894894894 940492.7163833339
6.853976434434434 942694.1214586234
6.870975973973973 945244.3126327946
6.887975513513513 947121.4804357833
6.904975053053053 949019.8382712015
6.921974592592592 951579.3281628551
6.938974132132132 953488.8381930421
6.955973671671671 955366.0059960308
6.972973211211211 956747.2892241796
6.98997275075075 958514.7099329353
7.00697229029029 960631.6111625048
7.023971829829829 963183.1221908919
7.040971369369369 965732.0123713921
7.057970908908908 967960.7707805625
7.074970448448448 969837.9385835512
7.091969987987987 971433.0465172338
7.108969527527527 973735.8497142397
7.125969067067066 976050.7865191636
7.1429686066066065 978272.0471566062
7.159968146146146 980573.5912223982
7.176967685685685 983177.8521653059
7.193967225225225 986088.5543266285
7.210966764764764 988249.8074143716
7.227966304304304 990642.7616140029
7.244965843843843 992694.6730846086
7.261965383383383 995274.9045905998
7.278964922922922 997762.9282569239
7.295964462462462 1000375.6360793754
7.312964002002001 1002702.2231803132
7.329963541541541 1005003.7672461052
7.34696308108108 1007608.0281890129
7.36396262062062 1010518.7303503355
7.38096216016016 1012653.02196881
7.3979616996996995 1014871.7920950026
7.414961239239239 1017168.5395354779
7.4319607787787785 1019267.1621598887
7.448960318318318 1021397.4126989193
7.465959857857857 1023711.8931945238
7.482959397397397 1025663.501498866
7.499958936936936 1027849.3625879287
7.516958476476476 1030048.4519523714
7.533958016016015 1031925.6197553601
7.550957555555555 1033609.1795528852
7.567957095095094 1034990.4627810341
7.584956634634634 1037814.9164845502
7.601956174174173 1040302.9401508743
7.618955713713714 1042915.6479733258
7.635955253253253 1045242.2350742636
7.652954792792793 1047543.7791400556
7.669954332332332 1050148.0400829632
7.6869538718718715 1053058.742244286
7.703953411411411 1055319.6301842807
7.7209529509509505 1057632.2962428438
7.73795249049049 1060012.4504813463
7.754952030030029 1062342.4649961726
7.771951569569569 1064746.5959167914
7.788951109109108 1066623.7637197801
7.805950648648648 1069177.7276346348
7.822950188188187 1071376.4076960278
7.839949727727727 1073940.098237127
7.856949267267266 1076159.1362148179
7.873948806806807 1078239.6549401195
7.890948346346346 1080116.822743108
7.907947885885886 1082190.098829383
7.924947425425425 1084568.8277677903
7.9419469649649646 1086856.8259835062
7.958946504504504 1089131.9168132092
7.9759460440440435 1091391.2298945882
7.992945583583583 1093268.3976975768
8.009945123123122 1094649.6809257255
8.026944662662663 1096673.6966095278
8.043944202202201 1098967.583852535
8.060943741741742 1100888.187189994
8.07794328128128 1102765.3549929825
8.09494282082082 1104146.6382211312
8.11194236036036 1105845.594799466
8.1289418998999 1108133.5930151818
8.145941439439438 1110408.6838448849
8.162940978978979 1112667.996926264
8.179940518518517 1114921.2292484175
8.196940058058058 1117132.7049264063
8.213939597597596 1118401.9652137258
8.230939137137137 1120351.2263511727
8.247938676676677 1122497.5832063644
8.264938216216215 1124709.0588843531
8.281937755755756 1127579.1355477758
8.298937295295294 1130067.1592140999
8.315936834834835 1132679.8670365512
8.332936374374373 1135006.4541374892
8.349935913913914 1137307.998203281
8.366935453453452 1139912.2591461889
8.383934992992993 1142822.9613075112
8.400934532532531 1144891.1177471224
8.417934072072072 1147173.184632504
8.43493361161161 1149438.0120008728
8.45193315115115 1152097.7180127986
8.468932690690691 1154952.975105103