0.064551 201.21271710272413
0.19020329602960295 394.8830913902493
0.3158555920592059 588.455417231773
0.4415078880888089 779.7067697929451
0.5671601841184118 963.6416881527985
0.6928124801480148 1148.7102013908443
0.8184647761776178 1337.0202019899152
0.9441170722072207 1524.7128422580718
1.0697693682368237 1711.4591678444995
1.1954216642664266 1896.7719466939743
1.3210739602960295 2084.9920203414513
1.4467262563256325 2274.606038326776
1.5723785523552356 2449.0568007456022
1.6980308483848385 2623.8718301248155
1.8236831444144415 2800.5585730479797
1.9493354404440444 2984.1474605855183
2.074987736473647 3166.4064355047303
2.2006400325032502 3352.7789440437336
2.326292328532853 3524.615489086136
2.451944624562456 3710.5205884340103
2.577596920592059 3900.328041359666
2.703249216621662 4076.6320862444118
2.8289015126512647 4264.463980049419
2.954553808680868 4446.735215194814
3.080206104710471 4622.342560670979
3.2058584007400737 4800.841552001424
3.331510696769677 4990.64900492708
3.4571629927992795 5176.391065053467
3.5828152888288827 5352.365430762817
3.7084675848584854 5527.972776238981
3.8341198808880885 5704.562697946269
3.9597721769176912 5889.340127551579
4.085424472947294 6075.416945799952
4.2110767689768975 6265.224398725608
4.336729065006501 6449.278477015498
4.462381361036103 6630.835052098671
4.588033657065706 6806.442397574836
4.713685953095309 6987.218518504989
4.839338249124912 7162.825863981154
4.964990545154515 7332.657314661075
5.090642841184118 7504.3348438543035
5.216295137213721 7679.942189330468
5.341947433243324 7855.026366941631
5.467599729272927 8034.960014968994
5.5932520253025295 8219.67340075312
5.718904321332133 8402.835189599951
5.844556617361736 8585.44907914172
5.970208913391339 8767.49502442457
6.095861209420942 8949.956207617768
6.221513505450544 9125.563553093933
6.3471658014801475 9260.853092064906
6.472818097509751 9414.881713660317
6.598470393539354 9603.144740263699
6.724122689568956 9786.435018812073
6.849774985598559 9969.177376189618
6.975427281628162 10154.930950241629
7.1010795776577655 10340.796397116384
7.226731873687369 10518.208154836204
7.352384169716971 10703.961728888215
7.478036465746574 10889.82717576297
7.603688761776177 11068.045189579017
7.72934105780578 11250.53896831756
7.854993353835383 11426.663130785339
7.980645649864986 11596.221008717199
8.106297945894589 11776.640057688055
8.231950241924192 11949.598131158564
8.357602537953795 12136.385858983325
8.483254833983398 12325.67083633464
8.608907130013002 12503.888850150688
8.734559426042603 12686.38262888923
8.860211722072206 12855.94050682109
8.98586401810181 13013.46840196295
9.111516314131412 13190.936497714312
9.237168610161016 13369.138186978584
9.362820906190619 13543.722465984
9.488473202220222 13718.472920449392
9.614125498249825 13894.530095581256
9.739777794279428 14057.203388359805
9.86543009030903 14163.281894719286
9.991082386338633 14275.799976007256
10.116734682368236 14449.446018697461
10.242386978397839 14618.504975129385
10.368039274427442 14782.92996266589
10.493691570457045 14957.736936234112
10.619343866486648 15131.382978924317
10.744996162516252 15298.168725802796
10.870648458545855 15473.494863538363
10.996300754575456 15649.56702852354
11.12195305060506 15823.213071213744
11.247605346634662 15989.295482061512
11.373257642664266 16162.941524751717
11.498909938693869 16335.162015725451
11.624562234723472 16514.181113933213
11.750214530753075 16691.305918691563
11.875866826782678 16864.95196138177
12.001519122812281 17044.34615369723
12.127171418841884 17216.318990532134
12.252823714871486 17390.09112081345
12.378476010901089 17573.38344802882
12.504128306930692 17764.028754312953
12.629780602960295 17942.13459771173
12.755432898989898 18128.526501232234
12.881085195019502 18300.499338067137
13.006737491049105 18472.89821546222
13.132389787078708 18642.39612913935
13.258042083108311 18822.618125647714
13.383694379137912 19006.69537039264
13.509346675167516 19173.29174898594
13.634998971197119 19351.388181877322
13.760651267226722 19536.01296632894
13.886303563256325 19716.153166898584
14.011955859285928 19906.798473182716
14.137608155315531 20090.875717927644
14.263260451345134 20260.373631604773
14.388912747374738 20431.59666990704
14.514565043404339 20620.193313863943
14.640217339433942 20792.343173271394
14.765869635463545 20966.741335492523
14.891521931493148 21146.030541379296
15.017174227522752 21328.166360219824
15.142826523552355 21501.81240291003
15.268478819581958 21671.310316587158
15.394131115611561 21819.303970379406
15.519783411641164 21941.51916253101
15.645435707670766 22109.94977791846
15.771088003700369 22254.720135362528
15.896740299729972 22359.452859312063
16.022392595759577 22409.034318557708
16.14804489178918 22458.615777803352
16.273697187818783 22582.934449504537
16.399349483848386 22767.300088770455
16.52500177987799 22942.924329712463
16.650654075907592 23124.97397689952
16.776306371937196 23300.581322375685
16.9019586679668 23475.057808039535
17.027610963996402 23645.038440197008
17.153263260026005 23821.023161842953
17.27891555605561 24010.364104483568
17.404567852085208 24185.971449959732
17.53022014811481 24349.03114143526
17.655872444144414 24518.464674693358
17.781524740174017 24708.272127619013
17.90717703620362 24883.879473095178
18.032829332233224 25054.173182906467
18.158481628262827 25205.531532360532
18.28413392429243 25381.138877836696
18.409786220322033 25527.095132040442
18.535438516351636 25661.848526473448
18.66109081238124 25771.607965004514
18.786743108410842 25872.323384712858
18.912395404440446 26012.112088878697
19.03804770047005 26121.871527409763
19.163699996499652 26220.501572567737
19.289352292529255 26306.35676697758
19.41500458855886 26472.553077602177
19.54065688458846 26647.382745265495
19.66630918061806 26829.518564106023
19.791961476647664 27007.477928552835
19.917613772677267 27183.04031161545
20.04326606870687 27355.97692428861
20.168918364736474 27527.949761123513
20.294570660766077 27700.348638518597
20.42022295679568 27879.876507131965
20.545875252825283 28053.40285259101
20.671527548854886 28234.77570881555
20.79717984488449 28407.58614385873
20.922832140914092 28591.663388603658
21.048484436943696 28771.202665143996
21.1741367329733 28961.31228356593
21.299789029002902 29145.389528310858
21.425441325032505 29318.32614098402
21.55109362106211 29486.110480290256
21.67674591709171 29674.707124247157
21.802398213121315 29847.64373692032
21.928050509150914 30021.255145875737
22.053702805180517 30200.54435176251
22.17935510121012 30382.68017060304
22.305007397239724 30556.326213293243
22.430659693269327 30729.262825966405
22.55631198929893 30896.359432719764
22.681964285328533 31070.00547540997
22.807616581358136 31233.30843096634
22.93326887738774 31418.462117383082
23.058921173417342 31598.724187411193
23.184573469446946 31782.959864302364
23.31022576547655 31963.221934330475
23.435878061506152 32135.194771165377
23.561530357535755 32315.97891042626
23.68718265356536 32494.08475382504
23.81283494959496 32680.47665734554
23.938487245624565 32854.759319544595
24.064139541654168 33027.77909718861
24.18979183768377 33199.751934023516
24.31544413371337 33382.61174392741
24.441096429742974 33561.231836252846
24.566748725772577 33745.30908099777
24.69240102180218 33925.571151025884
24.818053317831783 34095.709888223326
24.943705613861386 34274.62667693407
25.06935790989099 34458.748629296024
25.195010205920592 34642.82587404095
25.320662501950196 34817.108536240004
25.4463147979798 34990.12831388402
25.571967094009402 35172.14346997725
25.697619390039005 35346.426132176304
25.82327168606861 35519.44590982032
25.94892398209821 35699.8601623064
26.074576278127815 35880.11651633313
26.200228574157418 36054.399178532185
26.32588087018702 36229.1777582427
26.451533166216624 36401.32761765015
26.577185462246224 36582.251602915
26.702837758275827 36755.897645605204
26.82849005430543 36937.15080459858
26.954142350335033 37110.79684728879
27.079794646364636 37268.458118400304
27.20544694239424 37373.19084234984
27.331099238423842 37472.08001600258
27.456751534453446 37521.78935443057
27.58240383048305 37571.498692858615
27.708056126512652 37624.76043938479
27.833708422542255 37683.99446674064
27.95936071857186 37743.22849409649
28.08501301460146 37873.81412133231
28.210665310631065 38047.34046679136
28.336317606660668 38228.713323015894
28.46196990269027 38396.86926892464
28.587622198719874 38554.530540036154
28.713274494749477 38653.4197136889
28.838926790779077 38709.29962151754
28.96457908680868 38851.821905208926
29.090231382838283 39023.45871804573
29.215883678867886 39193.01659597759
29.34153597489749 39352.40524139465
29.467188270927092 39530.60693065892
29.592840566956696 39706.214276135084
29.7184928629863 39880.7985551405
29.844145159015902 40055.99883926159
29.969797455045505 40231.60618473776
30.09544975107511 40394.279477516306
30.22110204710471 40529.03287194931
30.346754343134315 40703.56774109893
30.472406639163918 40886.169082809414
30.59805893519352 41057.783936855034
30.723711231223124 41232.88533703523
30.849363527252727 41415.486678745714
30.97501582328233 41587.636538153165
31.10066811931193 41762.03470037429
31.226320415341533 41941.32390626107
31.351972711371136 42123.459725101595
31.47762500740074 42297.1057677918
31.603277303430342 42468.72062183742
31.728929599459946 42643.92728887207
31.85458189548955 42818.08045341156
31.980234191519152 42991.78546444303
32.10588648754876 43165.43150713324
32.23153878357836 43270.164231082774
32.35719107960796 43332.70211430715
32.482843375637565 43379.81618023745
32.608495671667164 43426.93024616776
32.73414796769677 43521.64290310431
32.85980026372637 43708.03480662481
32.98545255975598 43880.007643459714
33.11110485578558 44060.47825256642
33.23675715181518 44232.45108940132
33.36240944784478 44406.720328248164
33.48806174387439 44590.79757299309
33.61371403990399 44769.87058751512
33.739366335933596 44944.99218833179
33.865018631963196 45120.751440074004
33.9906709279928 45299.27044264373
34.1163232240224 45486.306778575294
34.24197552005201 45670.38402332022
34.36762781608161 45841.71568158851
34.493280112111215 46022.82746926183
34.618932408140815 46199.70161925652
34.744584704170414 46371.85147866397
34.87023700020002 46552.14506519813
34.99588929622962 46725.53884677187
35.12154159225923 46907.6746656124
35.24719388828883 47081.32070830261
35.37284618431843 47260.11811155401
35.49849848034803 47433.764154244214
35.62415077637764 47601.342535674805
35.74980307240724 47773.59398809285
35.875455368436846 47950.3321052001
36.001107664466446 48133.67604052473
36.12675996049605 48304.870691600954
36.25241225652565 48481.56703444873
36.37806455255526 48662.99363646103
36.50371684858486 48835.143495868484
36.629369144614465 49009.55879195698
36.755021440644065 49188.830863976385
36.880673736673664 49370.966682816914
37.00632603270327 49544.61272550712
37.13197832873287 49715.80737658334
37.25763062476248 49886.60456439003
37.38328292079208 49994.822332624
37.50893521682168 50099.55505657353
37.63458751285128 50197.01460046304
37.76023980888089 50375.271915194404
37.88589210491049 50559.23744046688
38.011544400940096 50733.520102665934
38.137196696969696 50906.53988030995
38.2628489929993 51085.24914959818
38.3885012890289 51261.37252704875
38.51415358505851 51434.898872507794
38.63980588108811 51616.27172873233
38.765458177117715 51787.38423618005
38.891110473147315 51961.93282398535
39.01676276917692 52142.28343786363
39.14241506520652 52316.83202566893
39.26806736123612 52488.6171739499
39.39371965726573 52646.27844506141
39.51937195329533 52789.80906914786
39.64502424932493 52936.443644501036
39.77067654535453 53110.72630670009
39.89632884138414 53283.74608434411
40.02198113741374 53455.118967275834
40.147633433443346 53638.578731082904
40.273285729472946 53812.10507654195
40.39893802550255 53993.47793276649
40.52459032153215 54151.139203878
40.65024261756176 54291.308435910556
40.77589491359136 54459.84146380838
40.901547209620965 54617.50273491989
41.027199505650565 54716.39190857264
41.15285180168017 54814.21831040754
41.27850409770977 54890.495391862874
41.40415639373938 54955.70530080219
41.52980868976898 55074.265748737555
41.65546098579858 55173.1549223903
41.78111328182818 55265.85364056128
41.90676557785778 55447.98945940181
42.03241787388739 55621.63550209202
42.15807016991699 55794.66936394124
42.283722465946596 55978.72355944262
42.409374761976196 56157.16750445467
42.5350270580058 56340.197625338275
42.6606793540354 56531.105137954175
42.78633165006501 56709.21098135295
42.91198394609461 56895.60288487346
43.037636242124215 57067.57572170836
43.163288538153814 57239.97459910344
43.28894083418342 57409.854032825795
43.41459313021302 57582.43018673081
43.54024542624263 57757.01858063665
43.66589772227223 57941.072776138026
43.79155001830183 58117.1135785745
43.91720231433143 58301.190823319426
44.04285461036103 58482.96734420804
44.16850690639064 58673.87485682394
44.29415920242024 58857.952101568866
44.419811498449846 59027.83153529122
44.545463794479446 59198.673053548264
44.67111609050905 59387.269697505166
44.79676838653865 59559.41955691262
44.92242068256826 59733.817719133745
45.04807297859786 59913.10692502052
45.173725274627465 60095.24274386105
45.299377570657064 60268.88878655125
45.42502986668667 60438.7682202736
45.55068216271627 60608.17369815038
45.67633445874588 60759.60169440234
45.80198675477548 60864.33441835188
45.927639050805084 60917.350521687185
46.05329134683468 60970.36662502249
46.17894364286428 61130.57835367706
46.30459593889389 61298.59670658893
46.43024823492349 61428.43496020115
46.555900530953096 61544.10680968908
46.681552826982696 61717.752852379286
46.8072051230123 61847.411835148465
46.9328574190419 61952.144559098
47.05850971507151 62016.59794586443
47.18416201110111 62081.05133263086
47.309814307130715 62145.23678350897
47.435466603160314 62298.06815485208
47.56111889918992 62469.2628059283
47.68677119521952 62640.05999373499
47.81242349124913 62811.58448090532
47.93807578727873 62984.4614140084
48.063728083308334 63160.68795858248
48.18938037933793 63338.768905850244
48.31503267536754 63509.963556926465
48.44068497139714 63688.67971609073
48.56633726742674 63866.122081678186
48.691989563456346 64050.08760695066
48.817641859485946 64221.282258026884
48.94329415551555 64392.07944583357
49.06894645154515 64576.09931608196
49.19459874757476 64750.647903887264
49.32025104360436 64922.43305216823
49.445903339633965 65093.62770324445
49.571555635663564 65264.42489105114
49.69720793169317 65407.95551513758
49.82286022772277 65537.89416261663
49.94851252375238 65707.16455267102
50.07416481978198 65885.03754076979
50.199817115811584 66068.57244353095
50.32546941184118 66243.83404717775
50.45112170787079 66427.29381098482
50.57677400390039 66598.48846206104
50.70242629992999 66769.28564986773
50.828078595959596 66901.20137295732
50.953730891989196 67067.1161530118
51.0793831880188 67235.64918090962
51.2050354840484 67343.86694914359
51.33068778007801 67441.69335097849
51.45634007610761 67524.50944840006
51.581992372137215 67668.0400724865
51.707644668166814 67793.51301387238
51.83329696419642 67975.70500189543
51.95894926022602 68152.8268651503
52.08460155625563 68340.78527937754
52.21025385228523 68517.77994669939
52.335906148314834 68699.5066468314
52.46155844434443 68876.50131415325
52.58721074037404 69029.37020721665
52.71286303640364 69174.33181729732
52.838515332433246 69342.86484519514
52.964167628462846 69495.73373825854
53.089819924492446 69612.86282929161
53.21547222052205 69775.82981128898
53.34112451655165 69927.3225660022
53.46677681258126 70079.2263603335
53.59242910861086 70242.19334233087
53.718081404640465 70340.01974416577
53.843733700670064 70416.2968256211
53.96938599669967 70482.95261994342
54.09503829272927 70670.02415022207
54.22069058875888 70854.07834572345
54.34634288478848 71036.21100694855
54.471995180818084 71214.19639290485
54.59764747684768 71396.32905412995
54.72329977287729 71580.05015853839
54.84895206890689 71770.95767115429
54.974604364936496 71953.09033237939
55.100256660966096 72122.96976610174
55.225908956995696 72304.34607196756
55.3515612530253 72487.05158911296
55.4772135490549 72672.30119610165
55.60286584508451 72850.44918368984
55.72851814111411 73022.34421589621
55.854170437143715 73192.22364961857
55.979822733173314 73361.62912749534
56.10547502920292 73524.17694092268
56.23112732523252 73708.73747505253
56.35677962126213 73884.66437042318
56.48243191729173 74063.04496689438
56.608084213321334 74232.92440061673
56.73373650935093 74412.14082799095
56.85938880538054 74590.39814272232
56.98504110141014 74774.3636679948
57.110693397439746 74944.24310171715
57.236345693469346 75115.19842231384
57.36199798949895 75300.3753771261
57.48765028552855 75474.9239649314
57.61330258155815 75646.70911321236
57.73895487758776 75816.58854693471
57.86460717361736 75985.99402481149
57.990259469646965 76137.42202106345
58.115911765676564 76280.9526451499
58.24156406170617 76416.66246034263
58.36721635773577 76604.89009034785
58.49286865376538 76792.84850457509
58.61852094979498 76968.11010822188
58.744173245824584 77151.56987202895
58.86982554185418 77321.4493057513
58.99547783788379 77490.85478362808
59.12113013391339 77642.28277988004
59.246782429942996 77788.68528677215
59.372434725972596 77957.21831466997
59.4980870220022 78108.64631092193
59.6237393180318 78206.47271275683
59.74939161406141 78282.74979421217
59.87504391009101 78347.95970315149
60.00069620612061 78479.62297019665
60.126348502150215 78647.64132310852
60.252000798179814 78777.47957672074
60.37765309420942 78898.26444100105
60.50330539023902 79066.79746889888
60.62895768626863 79196.45645166805
60.75460998229823 79294.28285350295
60.880262278327834 79370.55993495829
61.00591457435743 79435.76984389761
61.13156687038704 79527.14589028369
61.25721916641664 79653.21946548572
61.382871462446246 79717.67285225214
61.508523758475846 79782.12623901857
61.63417605450545 79875.86260853539
61.75982835053505 79952.13968999073
61.88548064656466 80027.64146974595
62.01113294259426 80119.44334825454
62.13678523862386 80260.63355048659
62.262437534653465 80358.45995232149
62.388089830683064 80434.73703377682
62.51374212671267 80528.95735475759
62.63939442274227 80626.78375659249