0.003101 579.3090341554271
0.043745155048076925 1087.8451708042812
0.08438931009615386 1546.2867391476175
0.12503346514423078 1987.2911360776634
0.1656776201923077 2394.966992825968
0.20632177524038461 2699.082797364068
0.24696593028846156 3051.4722157359647
0.2876100853365385 3449.310237803322
0.3282542403846154 3754.961168425216
0.36889839543269237 3991.5183914605877
0.40954255048076926 4245.490785775532
0.4501867055288462 4588.335142282529
0.49083086057692316 4908.024099583257
0.5314750156250001 5172.892365807653
0.5721191706730769 5463.722265817203
0.6127633257211539 5676.32575979572
0.6534074807692308 5940.021136488882
0.6940516358173078 6209.745746768749
0.7346957908653847 6541.776324835009
0.7753399459134616 6730.177608480444
0.8159841009615385 7006.041591516667
0.8566282560096155 7225.561808933911
0.8972724110576924 7501.986685179792
0.9379165661057693 7804.183515591423
0.9785607211538463 8138.591207468722
1.0192048762019232 8499.639962176
1.0598490312500002 8826.978961681147
1.100493186298077 9172.68435693031
1.1411373413461539 9396.09020838666
1.1817814963942308 9554.495478390883
1.2224256514423077 9915.54423309816
1.2630698064903847 10138.766769965667
1.3037139615384616 10240.706337439158
1.3443581165865386 10387.075820131773
1.3850022716346155 10579.32732339757
1.4256464266826925 10897.072217695488
1.4662905817307694 11183.187636652518
1.5069347367788464 11454.714446932245
1.547578891826923 11681.867116117231
1.588223046875 12013.897694183492
1.628867201923077 12287.529629372038
1.669511356971154 12557.254239651906
1.7101555120192309 12889.284817718166
1.7507996670673078 13077.6861013636
1.7914438221153848 13353.550084399823
1.8320879771634617 13573.070301817068
1.8727321322115387 13725.511309424597
1.9133762872596156 13964.298425009722
1.9540204423076926 14244.43335268765
1.9946645973557693 14514.075152624242
2.0353087524038465 14825.665890388624
2.0759529074519234 15072.23171157332
2.1165970625000003 15425.372304820634
2.1572412175480773 15638.51292086262
2.197885372596154 15834.553936432596
2.2385295276442307 16121.614214619469
2.2791736826923077 16453.607119681714
2.3198178377403846 16739.785228074616
2.3604619927884616 17090.8023695593
2.4011061478365385 17387.330747110223
2.4417503028846155 17701.019523533512
2.4823944579326924 18033.012428595757
2.5230386129807694 18279.578249780454
2.5636827680288463 18632.718843027767
2.6043269230769233 18845.859459069754
2.644971078125 18892.000972031317
2.685615233173077 18921.85025739841
2.726259388221154 18951.699542765502
2.766903543269231 19204.804914077216
2.807547698317308 19518.493690500505
2.848191853365385 19850.48659556275
2.888836008413462 20097.052416747447
2.929480163461539 20450.19300999476
2.970124318509616 20686.23045635553
3.0107684735576927 20899.371072397516
3.0514126286057692 21057.71036243851
3.092056783653846 21410.51819773314
3.132700938701923 21746.33918023242
3.17334509375 22080.03446152301
3.213989248798077 22416.66219248228
3.254633403846154 22777.710947189556
3.295277558894231 23060.478875349996
3.335921713942308 23162.418442823488
3.376565868990385 23243.878842949918
3.4172100240384617 23543.967102082202
3.4578541790865387 23853.578348820887
3.4984983341346156 24099.2812207582
3.5391424891826926 24566.291201166703
3.5797866442307695 24902.918932125973
3.6204307992788465 25263.96768683325
3.6610749543269234 25477.588353363095
3.7017191093750004 25814.216084322365
3.7423632644230773 26175.26483902964
3.7830074194711543 26278.945602733667
3.823651574519231 26486.476399407067
3.864295729567308 26823.104130366337
3.904939884615385 27184.152885073614
3.9455840396634616 27442.157313615455
3.9862281947115386 27803.206068322732
4.026872349759616 27980.85581253276
4.067516504807693 28275.4594758063
4.10816065985577 28684.93489157023
4.148804814903847 29021.5626225295
4.189448969951924 29382.611377236775
4.230093125000001 29484.550944710267
4.270737280048078 29566.011344836697
4.311381435096155 29633.982895331705
4.352025590144231 29854.84324435427
4.392669745192308 30114.02766135455
4.4333139002403845 30357.141790289366
4.4739580552884615 30682.87608733138
4.514602210336538 31106.999238001954
4.555246365384615 31345.83143073151
4.595890520432692 31441.719613148816
4.636534675480769 31538.06255803803
4.677178830528846 31763.264998442814
4.717822985576923 32118.33894424358
4.758467140625 32402.033928866626
4.799111295673077 32503.973496340117
4.839755450721154 32585.433896466548
4.880399605769231 32924.47340496894
4.921043760817308 33163.305597698505
4.961687915865385 33399.34304405927
5.002332070913462 33495.23122647658
5.042976225961539 33799.50043657134
5.083620381009616 34126.4217896318
5.124264536057693 34365.25398236136
5.16490869110577 34461.14216477866
5.2055528461538465 34528.317188903486
5.2461970012019234 34810.840142812965
5.28684115625 35137.761495873434
5.327485311298077 35162.63922030256
5.368129466346154 35187.5169447317
5.408773621394231 35294.23858816347
5.449417776442308 35456.98311871313
5.490061931490385 35535.75061781959
5.530706086538462 35891.97937130042
5.571350241586539 36128.01681766119
5.611994396634616 36300.067116249775
5.652638551682693 36481.68196029527
5.69328270673077 36870.45880027798
5.733926861778847 37093.927755963276
5.774571016826924 37194.65838168106
5.815215171875001 37347.75020149123
5.855859326923078 37510.49473204089
5.896503481971155 37743.72332553255
5.9371476370192315 38070.64467859302
5.9777917920673085 38313.661139793316
6.018435947115385 38476.40567034298
6.059080102163462 38687.93296724497
6.099724257211538 38923.97041360574
6.140368412259615 39052.672063128615
6.181012567307692 39319.48966787962
6.221656722355769 39562.959998847364
6.262300877403846 39889.881351907825
6.302945032451923 39921.86590997437
6.3435891875 39953.850468040924
6.384233342548077 39985.83502610747
6.424877497596154 40017.81958417401
6.465521652644231 40275.59819339341
6.506165807692308 40422.75782099253
6.546809962740385 40634.98763258195
6.587454117788462 41127.66573539727
6.628098272836539 41231.34649910129
6.668742427884616 41317.27279691315
6.709386582932693 41705.80462997808
6.75003073798077 42136.55378144124
6.7906748930288465 42375.47049087809
6.8313190480769235 42755.606964690356
6.871963203125 42933.256708900386
6.912607358173077 43227.86037217392
6.953251513221154 43585.15482589181
6.993895668269231 43882.02605254331
7.034539823317308 44335.0122736044
7.075183978365385 44392.69566723847
7.115828133413462 44430.82140546691
7.156472288461539 44553.91920711202
7.197116443509616 44836.687135272456
7.237760598557693 45155.67439545815
7.27840475360577 45438.44232361858
7.319048908653847 45626.84360726402
7.359693063701924 45935.83395403619
7.400337218750001 46207.36076431592
7.440981373798078 46492.161434148
7.481625528846155 46847.131106232584
7.522269683894232 47118.65791651231
7.5629138389423085 47309.90055703558
7.6035579939903855 47641.93113510184
7.644202149038462 47951.473098952105
7.684846304086539 48221.19770923197
7.725490459134616 48553.22828729823
7.766134614182693 48746.5991458054
7.80677876923077 49017.49355397989
7.847422924278846 49304.620196727126
7.888067079326923 49699.50797235513
7.928711234375 50054.477644439714
7.969355389423077 50326.00445471944
8.009999544471153 50516.269566351955
8.050643699519231 50770.69224965236
8.091287854567307 51158.819637159235
8.131932009615385 51428.5442474391
8.172576164663461 51760.57482550536
8.213220319711539 51948.9761091508
8.253864474759615 52224.84009218702
8.294508629807693 52444.360309604264
8.335152784855769 52529.18904106195
8.375796939903847 52703.997970218916
8.416441094951923 53115.72336047485
8.45708525 53342.05234528755
8.497729405048077 53423.61593249052
8.538373560096154 53801.50084615112
8.57901771514423 54150.9134504377
8.619661870192308 54180.76273580479
8.660306025240384 54278.35170551478
8.70095018028846 54497.87192293203
8.741594335336538 54779.99737713521
8.782238490384614 54968.398660780644
8.822882645432692 55244.262643816866
8.863526800480768 55463.78286123411
8.904170955528846 55618.975013118106
8.944815110576922 55968.38761740469
8.985459265625 56204.42506376546
9.026103420673076 56361.474896917396
9.066747575721154 56531.56707164374
9.10739173076923 56843.414649007085
9.148035885817308 57170.336002067546
9.188680040865384 57182.4947986583
9.229324195913462 57194.65359524904
9.269968350961538 57206.81239183979
9.310612506009615 57218.97118843054
9.351256661057691 57231.129985021296
9.39190081610577 57243.288781612035
9.432544971153845 57255.44757820279
9.473189126201923 57267.60637479354
9.51383328125 57279.76517138429
9.554477436298077 57291.92396797503
9.595121591346153 57311.80529015773
9.635765746394231 57526.286816638414
9.676409901442307 57829.40173667147
9.717054056490385 58156.32308973193
9.757698211538461 58277.716228459816
9.798342366586539 58492.1977549405
9.838986521634615 58808.742058640695
9.879630676682693 59044.77950500147
9.920274831730769 59125.648866875694
9.960918986778847 59389.21644354319
10.001563141826923 59683.76909024309
10.042207296875 60010.69044330355
10.082851451923077 60062.474391902826
10.123495606971154 60077.459486397376
10.16413976201923 60092.444580891926
10.204783917067308 60107.42967538646
10.245428072115384 60137.855259713644
10.286072227163462 60406.191779074135
10.326716382211538 60756.90844296276
10.367360537259616 60939.17172951974
10.408004692307692 61323.13282042355
10.448648847355768 61586.45630416422
10.489293002403846 61985.59708798818
10.529937157451922 62336.313751876805
10.5705813125 62518.57703843378
10.611225467548076 62548.42632380087
10.651869622596154 62578.27560916796
10.69251377764423 62608.12489453505
10.733157932692308 62784.37823390971
10.773802087740384 63140.606987390536
10.814446242788462 63446.84250147434
10.855090397836538 63803.07125495517
10.895734552884615 64153.787918843795
10.936378707932692 64389.82536520457
10.97702286298077 64572.08865176154
11.017667018028845 64716.96737308284
11.058311173076923 65028.81495044619
11.098955328125 65355.73630350665
11.139599483173077 65537.99959006363
11.180243638221153 65565.04323376832
11.220887793269231 65592.08687747299
11.261531948317307 65619.13052117768
11.302176103365385 65646.17416488235
11.342820258413461 65843.69256290531
11.383464413461539 66170.61391596578
11.424108568509615 66261.53330676153
11.464752723557693 66285.38589926157
11.505396878605769 66309.23849176163
11.546041033653847 66333.09108426169
11.586685188701923 66463.00911323525
11.62732934375 66925.50594637028
11.667973498798077 67279.00233213507
11.708617653846154 67635.2310856159
11.74926180889423 67871.26853197668
11.789905963942308 67952.1378938509
11.830550118990384 68271.9066239066
11.871194274038462 68573.23822906673
11.911838429086538 69021.7640716192
11.952482584134616 69170.28640808586
11.993126739182692 69240.8661959268
12.03377089423077 69492.24425982067
12.074415049278846 69828.04614760126
12.115059204326924 70086.25412065772
12.155703359375 70343.29868725293
12.196347514423076 70498.93697501092
12.236991669471154 70768.37875713139
12.27763582451923 70966.7693793618
12.318279979567308 71268.57984625001
12.358924134615384 71631.98279480013
12.399568289663462 71829.08087233854
12.440212444711538 71917.05749287669
12.480856599759615 72280.23674496707
12.521500754807692 72550.01446312503
12.56214490985577 72828.35464507308
12.602789064903845 73191.53389716346
12.643433219951923 73461.31161532142
12.684077375 73681.71913017367
12.724721530048077 73837.24269111705
12.765365685096153 74200.42194320743
12.806009840144231 74470.19966136539
12.846653995192307 74819.47512645656
12.887298150240385 75089.2528446145
12.927942305288461 75309.66035946677
12.968586460336539 75649.02298765801
13.009230615384615 76035.70118328021
13.049874770432693 76398.8804353706
13.090518925480769 76668.65815352855
13.131163080528847 76889.0656683808
13.171807235576923 77012.07670170227
13.212451390625 77073.66317599865
13.253095545673077 77113.95172861357
13.293739700721154 77154.2402812285
13.33438385576923 77506.62946309196
13.375028010817308 77860.12584885675
13.415672165865384 78216.35460233758
13.456316320913462 78486.13232049554
13.496960475961538 78722.16976685631
13.537604631009616 78942.57728170857
13.578248786057692 79091.38163393998
13.61889294110577 79418.30298700044
13.659537096153846 79688.0807051584
13.700181251201924 79908.48822001065
13.74082540625 80031.49925333212
13.781469561298078 80093.0857276285
13.822113716346154 80133.37428024341
13.862757871394232 80173.66283285835
13.903402026442308 80278.32195639805
13.944046181490384 80576.35357890921
13.984690336538462 80791.22993475985
14.025334491586538 80828.03742062188
14.065978646634616 80864.84490648392
14.106622801682692 80901.65239234596
14.14726695673077 80999.67218839984
14.187911111778845 81276.13088433174
14.228555266826923 81510.30781932762
14.269199421875 81544.86876748655
14.309843576923077 81579.42971564548
14.350487731971153 81613.99066380442
14.391131887019231 81701.3942885791
14.431776042067307 82028.31564163957
14.472420197115385 82083.17329267101
14.513064352163461 82086.73699554768
14.553708507211539 82090.30069842434
14.594352662259615 82093.864401301
14.634996817307693 82097.42810417767
14.675640972355769 82100.99180705434
14.716285127403847 82104.55550993101
14.756929282451923 82108.11921280768
14.7975734375 82111.68291568435
14.838217592548077 82115.24661856101
14.878861747596154 82118.81032143768
14.91950590264423 82122.37402431434
14.960150057692308 82125.93772719102
15.000794212740384 82129.50143006768
15.041438367788462 82133.06513294435
15.082082522836538 82136.62883582101
15.122726677884616 82140.19253869768
15.163370832932692 82143.75624157436
15.20401498798077 82147.31994445102
15.244659143028846 82150.88364732769
15.285303298076924 82154.44735020435
15.325947453125 82158.01105308102
15.366591608173078 82161.57475595768
15.407235763221154 82165.13845883436
15.447879918269232 82168.70216171103
15.488524073317308 82172.2658645877
15.529168228365386 82175.82956746436
15.569812383413462 82179.39327034102
15.61045653846154 82182.95697321769
15.651100693509616 82186.52067609437
15.691744848557692 82190.08437897103
15.73238900360577 82193.6480818477
15.773033158653845 82197.21178472436
15.813677313701923 82200.77548760103
15.85432146875 82204.3391904777
15.894965623798077 82207.90289335437
15.935609778846153 82211.46659623104
15.976253933894231 82215.0302991077
16.01689808894231 82218.59400198437
16.057542243990387 82342.63601102504
16.098186399038465 82578.67345738581
16.13883055408654 82857.0181441063
16.179474709134617 83179.89144547269
16.220118864182695 83446.89495280398
16.260763019230772 83742.94274608126
16.301407174278847 84025.48731521066
16.342051329326925 84258.10190744177
16.382695484375002 84614.2240713226
16.42333963942308 84944.90020669338
16.463983794471154 85120.66436450694
16.504627949519232 85162.47694899945
16.54527210456731 85204.28953349196
16.585916259615388 85264.36911977097
16.626560414663462 85716.68661027664
16.66720456971154 85984.06977901392
16.707848724759618 86078.99892853842
16.748492879807696 86431.6982382896
16.78913703485577 86762.37437366036
16.829781189903848 86998.41182002114
16.870425344951926 87174.1759778347
16.911069500000004 87325.55382789942
16.951713655048078 87637.40140526276
16.992357810096156 87964.32275832322
17.033001965144233 88140.08691613679
17.07364612019231 88181.8995006293
17.114290275240386 88522.41983491219
17.154934430288463 88835.0136779228
17.19557858533654 89141.47301816131
17.23622274038462 89454.06686117192
17.276866895432693 89631.71660538195
17.31751105048077 89971.02087936277
17.35815520552885 90283.61472237337
17.398799360576923 90720.87832707535
17.439443515625 91033.47217008597
17.48008767067308 91094.39651716946
17.520731825721157 91155.32086425296
17.56137598076923 91508.66859421977
17.60202013581731 91739.55575424494
17.642664290865387 91810.0411920353
17.683308445913465 91991.60265017123
17.72395260096154 92288.47387682274
17.764596756009617 92741.46009788383
17.805240911057695 92850.94633705296
17.845885066105772 93086.98378341373
17.886529221153847 93167.85314528795
17.927173376201925 93414.125791292
17.967817531250002 93740.3008787052
18.00846168629808 94052.89472171581
18.049105841346154 94113.8190687993
18.089749996394232 94202.70551136999
18.13039415144231 94558.93426485082
18.171038306490388 94794.97171121159
18.211682461538462 94875.84107308582
18.25232661658654 95122.11371908986
18.292970771634618 95433.96129645321
18.333614926682696 95760.88264951367
18.37425908173077 95769.60088143585
18.414903236778848 95778.31911335803
18.455547391826926 95787.0373452802
18.496191546875004 95795.75557720238
18.536835701923078 95804.47380912455
18.577479856971156 95813.19204104673
18.618124012019234 95821.9102729689
18.65876816706731 95830.62850489108
18.699412322115386 95839.34673681326
18.740056477163463 95848.06496873543
18.78070063221154 95856.7832006576
18.82134478725962 95865.50143257978
18.861988942307693 96190.84699336955
18.90263309735577 96534.7407087307
18.94327725240385 96630.38148991927
18.983921407451927 96660.23077528636
19.0245655625 96741.26626342368
19.06520971754808 97097.4950169045
19.105853872596157 97333.53246326528
19.14649802764423 97486.22863598887
19.18714218269231 97682.84642296817
19.227786337740387 98008.32116033653
19.268430492788465 98352.21487569768
19.30907464783654 98588.25232205846
19.349718802884617 98683.89310324703
19.390362957932695 98915.39432993674
19.431007112980772 99227.24190730008
19.471651268028847 99554.16326036054
19.512295423076925 99649.80404154911
19.552939578125002 99667.54741540595
19.59358373317308 99685.2907892628
19.634227888221155 99978.27474445681
19.674872043269232 100155.92448866683
19.71551619831731 100450.52815194037
19.756160353365388 100807.82260565826
19.796804508413462 101180.41645737989
19.83744866346154 101557.68005337084
19.878092818509618 101731.88299708904
19.918736973557696 101809.22370837974
19.95938112860577 101893.55421953778
20.000025283653848 102053.02391413682
20.040669438701926 102282.11624422009
20.081313593750004 102413.42869713878
20.121957748798078 102838.38383773886
20.162601903846156 103018.925466857
20.203246058894234 103375.15422033783
20.24389021394231 103611.1916666986