0.002599 23226.2687471698
0.01861111111111111 38754.60845108109
0.034623222222222215 53801.67296556634
0.050635333333333324 53889.679229525005
0.06664744444444444 53964.74057616065
0.08265955555555556 54051.883953642915
0.09867166666666666 54139.89021760158
0.11468377777777776 54509.712804164155
0.13069588888888886 54891.878088886326
0.14670799999999998 54979.884352844994
0.1627201111111111 55048.373892666714
0.17873222222222218 55131.89818393499
0.1947443333333333 55215.87264924712
0.2107564444444444 55302.73206210972
0.2267685555555555 55420.74768087253
0.24278066666666662 55496.7347894494
0.25879277777777776 55697.70219804857
0.2748048888888889 55842.062027118045
0.290817 56883.06625044564
0.3068291111111111 68335.05341426577
0.3228412222222222 68414.02985226063
0.3388533333333333 68521.01313110083
0.3548654444444444 68596.07447773647
0.3708775555555555 68682.58310831491
0.38688966666666663 69043.09325286359
0.40290177777777775 69425.25853758576
0.41891388888888886 69504.23497558062
0.434926 69611.21825442082
0.45093811111111104 69683.27192801406
0.46695022222222216 69763.23208551081
0.48296233333333327 69847.20655082294
0.4989744444444444 69934.06596368554
0.5149865555555555 70018.13028107517
0.5309986666666666 70231.08264674801
0.5470107777777777 70375.44247581749
0.5630228888888889 70454.41891381235
0.579035 70561.40219265255
0.5950471111111111 70636.2770136897
0.6110592222222222 70710.45338584107
0.6270713333333333 71043.12563422695
0.6430834444444444 71540.44954481478
0.6590955555555554 71630.86920983468
0.6751076666666666 71748.27656190674
0.6911197777777777 71851.12322903638
0.7071318888888888 71934.2362787418
0.7231439999999999 72037.08294587144
0.739156111111111 72119.65002542142
0.7551682222222221 72199.955045381
0.7711803333333332 72282.97845144219
0.7871924444444444 72377.42971117947
0.8032045555555555 72454.73840372148
0.8192166666666666 72526.79207731472
0.8352287777777777 72619.89204905604
0.8512408888888888 72691.94572264928
0.8672529999999999 72765.69960011257
0.8832651111111111 72902.71642166964
0.8992772222222221 73099.41720957817
0.9152893333333332 73208.98347513675
0.9313014444444443 73315.69563374214
0.9473135555555554 73394.9431919718
0.9633256666666665 73531.67613850927
0.9793377777777776 73692.4227488392
0.9953498888888888 73771.39918683407
1.0113619999999999 73878.38246567427
1.027374111111111 73958.57466123549
1.043386222222222 74042.56657191597
1.0593983333333332 74526.04649009145
1.0754104444444443 76314.44543640553
1.0914225555555555 76389.50678304117
1.1074346666666666 76476.0154136196
1.1234467777777777 76564.6564244821
1.1394588888888888 76643.19710604665
1.155471 77022.48527500335
1.171483111111111 77404.65055972552
1.1874952222222221 77479.61600397968
1.2035073333333333 77556.66439081551
1.2195194444444444 77640.63885612764
1.2355315555555555 77727.49826899024
1.2515436666666666 77811.56258637986
1.2675557777777777 77886.52803063403
1.2835678888888888 77958.50562780819
1.2995799999999997 78210.47466888776
1.3155921111111109 78354.83449795723
1.331604222222222 78429.7999422114
1.347616333333333 78504.67476324856
1.3636284444444442 78607.85811939914
1.3796405555555553 78737.87840644701
1.3956526666666664 79022.5176563667
1.4116647777777775 79519.84156695454
1.4276768888888887 79610.26123197444
1.4436889999999998 79727.66858404649
1.459701111111111 79830.51525117614
1.475713222222222 79913.08233072612
1.4917253333333331 79993.38735068569
1.5077374444444442 80076.41075674689
1.5237495555555554 80170.86201648417
1.5397616666666665 80248.17070902618
1.5557737777777776 80323.13615328034
1.5717858888888887 80416.86088270597
1.5877979999999998 80544.39502092237
1.603810111111111 80723.04912662816
1.619822222222222 80853.06941367603
1.6358343333333332 80943.48907869593
1.6518464444444443 81060.89643076799
1.6678585555555554 81360.54551494564
1.6838706666666665 81435.60686158128
1.6998827777777776 81522.11549215972
1.7158948888888887 81610.75650302222
1.7319069999999999 81689.29718458676
1.747919111111111 82068.58535354346
1.763931222222222 82450.75063826563
1.7799433333333332 82520.13074206993
1.795955444444444 82602.76446935562
1.8119675555555552 82686.73893466775
1.8279796666666663 82773.59834753035
1.8439917777777775 82857.66266491998
1.8600038888888886 82929.64026209414
1.8760159999999997 82999.02036589844
1.8920281111111108 83256.57474742788
1.908040222222222 83620.64053320739
1.924052333333333 90635.7840428309
1.9400644444444441 90726.12961335434
1.9560765555555553 90845.64139667804
1.9720886666666664 90924.6178346729
1.9881007777777775 91031.6011135131
2.004112888888889 91103.65478710634
2.0201249999999997 91173.69897346044
2.036137111111111 91239.9963506781
2.052149222222222 91310.66291211391
2.068161333333333 91432.10015610716
2.084173444444444 91511.07659410202
2.100185555555555 91639.59979415909
2.1161976666666664 91794.74126588814
2.1322097777777773 91873.717703883
2.1482218888888887 91980.7009827232
2.1642339999999995 92052.75465631644
2.180246111111111 92122.79884267054
2.196258222222222 92189.0962198882
2.212270333333333 92254.7699847632
2.228282444444444 92325.7031141996
2.2442945555555553 92429.90071702826
2.2603066666666662 92546.44553745477
2.2763187777777776 92610.72246269332
2.2923308888888885 92676.88781475979
2.308343 92739.12244132395
2.3243551111111107 92814.43952412861
2.340367222222222 92896.20215059565
2.356379333333333 92965.28467706795
2.3723914444444443 93051.07466705782
2.388403555555555 93127.60813752312
2.4044156666666665 93191.90115284511
2.4204277777777774 93256.95220224565
2.4364398888888887 93397.17874828176
2.4524519999999996 93516.64485575375
2.468464111111111 93609.65266575571
2.484476222222222 93751.57061817811
2.500488333333333 93841.91618870155
2.516500444444444 93961.42797202525
2.5325125555555554 94040.94670265181
2.5485246666666663 94110.95712388298
2.5645367777777777 94227.3581711028
2.5805488888888886 94325.8152308134
2.5965609999999995 94562.23254360125
2.612573111111111 94679.51369004938
2.6285852222222217 94897.19415137806
2.644597333333333 95842.3104552589
2.660609444444444 95917.37180189455
2.6766215555555553 96826.77711865658
2.692633666666666 98615.17606497064
2.7086457777777775 98705.5216354941
2.7246578888888884 98825.0334188178
2.7406699999999997 98899.99886307196
2.7566821111111106 98963.50823766923
2.772694222222222 99039.98394414253
2.788706333333333 99116.0301150105
2.804718444444444 99198.05300448119
2.820730555555555 99290.05493425365
2.8367426666666664 99411.49217824692
2.8527547777777773 99512.19538072209
2.8687668888888886 99639.72951893849
2.8847789999999995 99818.38362464428
2.900791111111111 99948.40391169215
2.9168032222222218 100038.74948221559
2.932815333333333 100158.26126553929
2.948827444444444 100227.19286741094
2.9648395555555553 100302.55338827953
2.9808516666666662 100422.06517160323
2.9968637777777776 100499.54301813777
3.0128758888888885 100565.84341090445
3.028888 100645.51098213631
3.0449001111111107 100765.02276546002
3.060912222222222 100913.76688505226
3.076924333333333 101004.1124555757
3.092936444444444 101152.74957803049
3.108948555555555 101243.09514855393
3.124960666666666 101362.60693187763
3.1409727777777774 101435.31612967956
3.1569848888888883 101549.29278982169
3.1729969999999996 101639.63836034514
3.1890091111111105 101759.15014366884
3.205021222222222 104383.1470103993
3.2210333333333327 109036.0513530626
3.237045444444444 109125.6421118614
3.253057555555555 109218.66450581145
3.2690696666666663 109295.78586502674
3.285081777777777 109380.23448302553
3.3010938888888886 109744.09119166042
3.3171059999999994 110126.2564763826
3.333118111111111 110215.84723518138
3.3491302222222217 110308.86962913144
3.365142333333333 110385.99098834673
3.381154444444444 110460.88346022143
3.3971665555555552 110544.85792553356
3.413178666666666 110642.53386654951
3.4291907777777775 110718.61087748724
3.4452028888888884 110932.08058554484
3.4612149999999997 111076.4404146143
3.4772271111111106 111166.0311734131
3.493239222222222 111259.05356736315
3.509251333333333 111336.17492657845
3.525263444444444 111415.29671220787
3.541275555555555 111744.12357302378
3.5572876666666664 112241.44748361161
3.5732997777777773 113726.65853222228
3.589311888888888 113845.17281342614
3.6053239999999995 113920.85542006955
3.6213361111111104 114006.74279064022
3.6373482222222218 114110.76672600459
3.6533603333333327 114434.6983708201
3.669372444444444 114816.86365554227
3.685384555555555 114935.37793674612
3.7013966666666662 115011.06054338954
3.717408777777777 115087.39176783612
3.7334208888888885 115200.97184932457
3.7494329999999993 115352.62789470707
3.7654451111111107 115418.79548227142
3.7814572222222216 115504.64172579706
3.797469333333333 115690.5395881255
3.813481444444444 116187.7375075915
3.829493555555555 116286.48247228212
3.845505666666666 116361.54381891777
3.8615177777777774 116448.0524494962
3.8775298888888883 116536.6934603587
3.8935419999999996 116895.77734618932
3.9095541111111105 117277.9426309115
3.925566222222222 117376.68759560211
3.9415783333333327 117442.42863317745
3.957590444444444 117528.7014266921
3.973602555555555 117612.67589200423
3.9896146666666663 117822.48454964669
4.005626777777778 117908.88620913056
4.021638888888888 117989.77837303955
4.037650999999999 118083.76674007374
4.053663111111111 118228.1265691432
4.069675222222222 118326.87153383382
4.085687333333333 118401.746354871
4.101699444444444 118477.39210793798
4.117711555555555 118628.30865880894
4.133723666666666 118895.9357186745
4.149735777777777 119393.13363814051
4.165747888888888 119491.87860283113
4.18176 119600.96065523247
4.19777211111111 119703.80732236212
4.2137842222222215 119802.55228705273
4.229796333333333 119937.6755568757
4.245808444444444 120028.09522189561
4.261820555555555 120145.50257396766
4.277832666666666 120936.89641533095
4.293844777777777 121302.02020253097
4.309856888888889 121482.553200513
4.325868999999999 121557.61454714864
4.34188111111111 121644.12317772707
4.357893222222222 121732.76418858957
4.373905333333333 122027.10153865094
4.3899174444444435 122392.22532585096
4.405929555555555 122572.75832383298
4.421941666666666 122640.43830329181
4.4379537777777776 122724.77215492298
4.453965888888888 122808.7466202351
4.469977999999999 122895.6060330977
4.485990111111111 122979.67035048733
4.502002222222222 123051.64794766149
4.5180143333333325 123198.0494350132
4.534026444444444 123378.58243299523
4.550038555555555 123522.9422620647
4.5660506666666665 123597.81708310187
4.582062777777777 123671.99345525325
4.598074888888888 123804.49088783136
4.614087 124155.71494790576
4.63009911111111 124507.41633307998
4.646111222222221 124687.949331062
4.662123333333333 124778.3689960819
4.678135444444444 124895.77634815396
4.6941475555555545 124998.6230152836
4.710159666666666 125245.92007122574
4.726171777777777 125321.84537835653
4.7421838888888885 125397.93390231574
4.758195999999999 125481.90836762787
4.77420811111111 125568.76778049047
4.790220222222222 125652.83209788009
4.806232333333333 125739.64979086754
4.8222444444444434 126683.87763896442
4.838256555555555 131336.78198162772
4.854268666666666 131427.12755215116
4.8702807777777775 131546.63933547487
4.886292888888888 131636.23009427366
4.902304999999999 131729.25248822372
4.918317111111111 131806.373847439
4.934329222222222 131876.74578548025
4.950341333333332 131943.63258633096
4.966353444444444 132062.9167256418
4.982365555555555 132138.99373657952
4.998377666666666 132222.68885370277
5.014389777777777 132340.5977329559
5.030401888888888 132495.73920468497
5.0464139999999995 132585.32996348376
5.062426111111111 132678.35235743382
5.078438222222221 132755.4737166491
5.094450333333333 132825.84565469035
5.110462444444444 133125.39520583182
5.126474555555555 133215.74077635526
5.142486666666666 133335.25255967898
5.158498777777777 133421.5239654074
5.174510888888888 134158.28938063694
5.190522999999999 136027.3891607874
5.20653511111111 136145.90344199125
5.222547222222222 136237.24651463455
5.238559333333333 136355.7607958384
5.254571444444443 136431.44340248182
5.270583555555555 136563.1533999522
5.286595666666666 136653.49897047563
5.302607777777777 136773.01075379935
5.318619888888888 136839.1783413637
5.334631999999999 136906.39928822863
5.3506441111111105 136993.13563144117
5.366656222222222 137095.83984728515
5.382668333333332 137186.34638384465
5.398680444444444 137304.8606650485
5.414692555555555 137991.2702166906
5.430704666666666 138488.46813615662
5.446716777777777 138587.21310084724
5.462728888888888 138698.32549000377
5.478740999999999 138797.0704546944
5.494753111111111 138860.7906892819
5.510765222222221 139033.0100548918
5.5267773333333325 139123.35562541528
5.542789444444444 139242.86740873897
5.558801555555555 139329.26906822284
5.574813666666666 139410.16123213182
5.590825777777777 139480.52309364566
5.606837888888888 139542.7283211431
5.62285 139647.42535921387
5.63886211111111 139746.1703239045
5.6548742222222215 139829.32616816807
5.670886333333333 139915.72782765195
5.686898444444443 140036.82580622
5.702910555555555 140191.96727794906
5.718922666666666 140300.857114943
5.734934777777777 140755.07632956616
5.750946888888888 140831.87946540923
5.766958999999999 140916.64630678023
5.78297111111111 141009.76683013167
5.798983222222222 141382.79970318612
5.814995333333332 141474.75986544552
5.8310074444444435 141845.28145288612
5.847019555555555 141922.0845887292
5.863031666666666 141997.29528397613
5.879043777777777 142238.2420638773
5.895055888888888 143237.62704389606
5.911067999999999 143602.75083109608
5.927080111111111 143783.2838290781
5.943092222222221 143873.62939960154
5.9591043333333324 143993.14118292526
5.975116444444444 144060.8211623841
5.991128555555555 144126.09810121037
6.007140666666666 144189.08464648412
6.023152777777777 144261.72067173154
6.039164888888888 144344.8162638838
6.055177 144458.16269836112
6.07118911111111 144579.59994235437
6.087201222222221 144647.2799218132
6.103213333333333 144787.0995804063
6.119225444444444 144942.24105213536
6.1352375555555545 145009.9210315942
6.151249666666666 145075.19797042047
6.167261777777777 145138.21902050538
6.183273888888888 145257.73080382906
6.199285999999999 145328.69928934262
6.21529811111111 146105.22151639647
6.231310222222222 146456.44557647087
6.247322333333332 146546.79114699434
6.263334444444443 146666.30293031802
6.279346555555555 146742.2282374488
6.295358666666666 146803.0109877861
6.3113707777777766 146876.8559518928
6.327382888888888 146950.17529611266
6.343394999999999 147254.25103729972
6.359407111111111 147344.59660782316
6.375419222222221 147464.10839114687
6.391431333333332 147541.6466659695
6.407443444444444 147612.0910498748
6.423455555555555 147693.86829107587
6.4394676666666655 147774.62053312114
6.455479777777777 147834.3643456933
6.471491888888888 147929.12990658273
6.4875039999999995 148191.92617959678
6.50351611111111 148282.2717501202
6.519528222222221 148401.78353344393
6.535540333333333 148474.74725558487
6.551552444444444 148542.8460683247
6.567564555555554 148622.4034844894
6.583576666666666 148707.56727124823
6.599588777777777 148789.4488935751
6.615600888888888 148869.53526443487
6.631612999999999 148988.24229287304
6.64762511111111 149061.20601501397
6.6636372222222215 149195.74193092497
6.679649333333332 149350.88340265403
6.695661444444443 149423.84712479496
6.711673555555555 149491.9459375348
6.727685666666666 149571.5033536995
6.7436977777777765 149656.66714045833
6.759709888888888 149738.5487627852
6.775721999999999 149818.63513364497
6.7917341111111105 149918.88533047633
6.807746222222221 149999.05631798893
6.823758333333332 150067.5020608536
6.839770444444444 150138.40741947514
6.855782555555555 150213.01452330535
6.871794666666665 150278.65395170404
6.887806777777777 150344.058137353
6.903818888888888 150394.89362826373
6.919830999999999 150494.32531577096
6.93584311111111 150840.3606104083
6.951855222222221 150971.78592308646
6.9678673333333325 151323.00998316085
6.983879444444444 151754.71338823283
6.999891555555554 151834.00051709465
7.015903666666666 151920.92078081315
7.031915777777777 152048.2865870017
7.047927888888888 152382.4367618528
7.063939999999999 152474.3969241122
7.07995211111111 152758.99255888013
7.0959642222222215 152849.3381294036
7.111976333333333 152968.84991272728
7.127988444444443 153032.24882331686
7.144000555555555 153116.00339687406
7.160012666666666 153207.96355913347
7.176024777777776 153342.21593584493
7.192036888888888 153435.1513043854
7.208048999999999 153532.90107723992
7.22406111111111 153625.83644578038
7.240073222222221 153765.5484378919
7.256085333333332 153854.63384178793
7.2720974444444435 153991.76097686277
7.288109555555555 154084.69634540324
7.304121666666665 154174.13180585843
7.320133777777777 154472.4781783598
7.336145888888888 161487.62168798328
7.352157999999999 163055.80695813126
7.36817011111111 163146.15252865473
7.384182222222221 163265.6643119784
7.400194333333332 163342.4674478215
7.416206444444444 163683.53033175122
7.432218555555554 163775.49049401062
7.4482306666666656 163893.38768559837
7.464242777777777 163985.34784785777
7.480254888888888 164084.07282699336
7.496266999999999 164147.94766979144
7.51227911111111 164333.07537276906
7.528291222222221 164423.4209432925
7.544303333333333 164542.9327266162
7.560315444444443 164629.2632181902
7.5763275555555545 164711.75503604513
7.592339666666666 164787.18541172578
7.608351777777777 164878.07795120144
7.624363888888888 165040.44148265768
7.640375999999999 165130.78705318115
7.65638811111111 165250.29883650484
7.672400222222222 165331.76486257304
7.688412333333332 165439.34554900476
7.704424444444443 165540.10183372986
7.720436555555555 165623.4032429186
7.736448666666665 165709.82960632266
7.7524607777777765 165807.56640238294
7.768472888888888 165977.58740048966
7.784484999999999 166067.93297101313
7.80049711111111 166187.44475433682
7.816509222222221 166277.29742024853
7.832521333333332 166351.63602944236
7.848533444444444 166417.67261324494
7.864545555555554 166489.20170293996
7.8805576666666655 166572.5031121287
7.896569777777777 166658.92947553276
7.912581888888888 166773.90351376592
7.928593999999999 166863.75617967764
7.94460611111111 166981.40315181785
7.960618222222221 167136.5446235469
7.976630333333333 167226.39728945863