0.103007 1113.8125924628694
0.13350178767876789 2149.9266441864893
0.16399657535753576 2935.4337528254837
0.19449136303630365 3530.8945838324726
0.22498615071507153 4283.232667055912
0.2554809383938394 5197.432235316839
0.2859757260726073 5949.770318540279
0.3164705137513752 6552.894427861553
0.34696530143014304 7347.7099928802345
0.37746008910891093 7992.965962585062
0.40795487678767883 8625.732545054518
0.43844966446644673 9489.192491292488
0.4689444521452146 10134.448460997315
0.4994392398239825 10766.511972085573
0.5299340275027503 11369.636081406847
0.5604288151815182 12155.971726992168
0.5909236028602861 12856.885710625676
0.6214183905390539 13796.160370710306
0.6519131782178218 14441.416340415133
0.6824079658965897 14994.373520968715
0.7129027535753576 15539.362171363551
0.7433975412541255 16500.678270145087
0.7738923289328934 17145.934239849914
0.8043871166116612 17676.501965257572
0.8348819042904291 18220.9860901481
0.865376691969197 18761.792178084608
0.8958714796479649 19309.29459885368
0.9263662673267328 19836.140866732225
0.9568610550055007 20372.861062128562
0.9873558426842685 20906.111942365067
1.0178506303630364 21618.615644302685
1.0483454180418044 22263.871614007512
1.0788402057205722 22805.702624399913
1.1093349933993402 23269.77632400836
1.139829781078108 23642.91515963641
1.170324568756876 24251.36829242902
1.2008193564356437 24955.91200368898
1.2313141441144118 25715.526171759702
1.2618089317931795 26501.033280398697
1.2923037194719473 27049.139364783186
1.3227985071507153 27760.018435396254
1.3532932948294831 28512.356518619694
1.3837880825082511 29124.403837039135
1.414282870187019 29727.52794636041
1.444777657865787 30478.806761349086
1.4752724455445547 31167.957597115543
1.5057672332233225 31952.32340595778
1.5362620209020905 32704.66148918122
1.5667568085808583 33579.773416435346
1.5972515962596263 34332.111499658786
1.627746383938394 34935.23560898006
1.6582411716171621 35483.34169336455
1.68873595929593 36007.582903088536
1.7192307469746977 36548.51249046624
1.7497255346534657 37300.85057368968
1.7802203223322335 37903.97468301095
1.8107151100110015 38471.08928176109
1.8412098976897693 38862.18096232787
1.871704685368537 39243.94316024659
1.902199473047305 40118.78176351031
1.9326942607260729 40675.33258585166
1.9631890484048409 41223.43867023615
1.9936838360836087 41795.63383833738
2.0241786237623764 42531.85608661501
2.0546734114411445 43092.9860935295
2.085168199119912 43654.63543629134
2.11566298679868 44211.18625863269
2.146157774477448 44764.37291236827
2.1766525621562156 45500.5951606459
2.2071473498349836 46067.709759396035
2.2376421375137516 46660.88567776512
2.268136925192519 47465.36338904407
2.298631712871287 48013.46947342856
2.329126500550055 48721.70673939213
2.359621288228823 49363.34397041146
2.390116075907591 49921.424792671576
2.420610863586359 50499.93875990203
2.451105651265127 51057.71715598088
2.4816004389438944 51690.44581342302
2.5120952266226624 52332.08304444235
2.5425900143014304 53000.66788652679
2.5730848019801984 53549.72440627776
2.603579589658966 54107.1334573729
2.634074377337734 54656.18997712387
2.664569165016502 55197.7976580332
2.6950639526952695 55812.71642375272
2.7255587403740376 56495.44151481846
2.7560535280528056 57043.54759920295
2.7865483157315736 57832.4689833743
2.817043103410341 58498.91762483958
2.847537891089109 59211.39971127245
2.878032678767877 59769.1781073513
2.9085274664466447 60340.079926331295
2.9390222541254127 61149.262381436536
2.9695170418041807 61712.12883789721
3.0000118294829488 62277.942596495384
3.0305066171617163 62881.73002996994
3.0610014048404843 63659.10204060213
3.0914961925192523 64416.74301303178
3.12199098019802 65008.24497686373
3.152485767876788 65556.35106124822
3.182980555555556 66159.83116722689
3.213475343234324 66709.3023993494
3.2439701309130915 67385.48208706267
3.2744649185918595 68056.43971611443
3.3049597062706275 68617.02724795183
3.335454493949395 69253.76953087491
3.365949281628163 69871.71193463216
3.396444069306931 70711.9729406021
3.4269388569856987 71283.47397973249
3.4574336446644667 71841.25237581134
3.4879284323432347 72441.81377808354
3.5184232200220027 73212.70206722687
3.5489180077007703 73784.20310635725
3.5794127953795383 74333.25962610822
3.6099075830583063 74874.86730701756
3.640402370737074 75430.49979372183
3.670897158415842 75979.90469385986
3.70139194609461 76622.35562737682
3.731886733773378 77246.20095669734
3.7623815214521454 77953.82545681717
3.7928763091309134 78512.50011263159
3.8233710968096815 79155.63659169199
3.853865884488449 79865.89476935752
3.884360672167217 80422.10607072618
3.914855459845985 81068.21713800309
3.945350247524753 81676.9353701265
3.9758450352035206 82292.72656784765
4.006339822882289 82843.80492638913
4.036834610561057 83439.72202103469
4.067329398239824 84154.02154291514
4.097824185918593 84705.09990145662
4.12831897359736 85252.11050035246
4.158813761276128 86161.43840546696
4.189308548954896 86721.33276448864
4.219803336633664 87421.02478501247
4.250298124312431 88330.35269012698
4.2807929119912 88889.0273459414
4.311287699669967 89528.12248078687
4.341782487348735 90242.42200266733
4.372277275027503 90831.08181675174
4.402772062706271 91389.75647256617
4.4332668503850385 92028.85160741163
4.463761638063807 92743.15112929209
4.494256425742575 93294.22948783357
4.524751213421343 93843.28600758454
4.555246001100111 94389.44781665667
4.585740788778878 94940.52617519815
4.616235576457647 95489.91241490329
4.646730364136414 96209.76697092433
4.677225151815182 96955.38816232956
4.70771993949395 97571.53633384337
4.738214727172718 98378.68125558435
4.768709514851485 98962.01494657341
4.799204302530254 99519.79334265226
4.829699090209021 100108.52209306578
4.860193877887789 100879.41038220911
4.890688665566557 101462.74407319818
4.921183453245325 102011.80059294915
4.951678240924093 102556.4155463404
4.982173028602861 103109.04076056276
5.0126678162816285 103658.4270002679
5.043162603960397 104203.04195365915
5.0736573916391645 104890.52679134859
5.104152179317932 105481.18595960923
5.1346469669967005 106112.63981241453
5.165141754675468 106663.71817095601
5.195636542354236 107208.28203684464
5.226131330033004 107738.54614644265
5.256626117711772 108502.39015706838
5.287120905390539 109085.72384805745
5.317615693069308 109630.3388014487
5.348110480748075 110237.16628161795
5.378605268426843 110956.36498601781
5.409100056105611 111539.69867700688
5.439594843784379 112084.31363039813
5.470089631463147 112836.27487152186
5.500584419141915 113496.39974172087
5.531079206820682 114248.89906533156
5.561573994499451 114832.23275632062
5.5920687821782185 115376.84770971187
5.622563569856986 115921.4115756005
5.6530583575357545 116451.67568519851
5.683553145214522 117011.3762298543
5.71404793289329 117556.80680023809
5.744542720572058 118159.99427964445
5.775037508250826 118877.11681882269
5.805532295929593 119521.21588901989
5.836027083608362 120138.95044267667
5.866521871287129 120773.72536771023
5.897016658965898 121417.82443790743
5.927511446644665 121991.34988580202
5.958006234323433 122562.8509249324
5.988501022002201 123226.017843663
6.018995809680969 123870.1169138602
6.049490597359736 124471.78430909547
6.079985385038505 125212.86517964443
6.110480172717272 125929.98771882267
6.14097496039604 126608.23143406701
6.171469748074808 127151.43039126671
6.201964535753576 127951.46678452846
6.2324593234323435 128504.89695535856
6.262954111111112 129057.93235537456
6.29344889878988 129848.13230582
6.323943686468648 130395.94286292372
6.354438474147416 130954.59787666611
6.384933261826183 131451.74020985514
6.415428049504952 132029.4343265351
6.445922837183719 132746.90688572568
6.476417624862487 133372.66967699653
6.506912412541255 133937.80931097246
6.537407200220023 134518.50566600217
6.56790198789879 135283.99700800073
6.598396775577559 135950.445649466
6.628891563256326 136662.92773589888
6.659386350935094 137196.2644780625
6.689881138613862 137847.11117075756
6.72037592629263 138600.79040606297
6.7508707139713975 139146.22097644676
6.781365501650166 139723.0622473841
6.8118602893289335 140497.45592735452
6.842355077007702 141110.63006522856
6.8728498646864695 141660.10129735107
6.903344652365237 142229.92357588792
6.9338394400440055 143007.2955865201
6.964334227722773 143567.8261459535
6.994829015401541 144192.46653854474
7.025323803080309 144903.90413540765
7.055818590759077 145464.49166724505
7.086313378437844 146104.5358510851
7.116808166116613 146705.29755550134
7.14730295379538 147356.1966113604
7.177797741474148 148163.50096522854
7.208292529152916 148735.00200435892
7.238787316831684 149271.94579766179
7.269282104510452 150060.1664865201
7.29977689218922 150631.66752565047
7.3302716798679874 151168.61131895334
7.360766467546756 151690.70174032054
7.3912612552255235 152235.2754296856
7.421756042904291 152958.94106642576
7.4522508305830595 153596.6960338049
7.482745618261827 154240.7951040021
7.513240405940595 154824.12879499118
7.543735193619363 155368.74374838243
7.574229981298131 156073.7751971637
7.604724768976898 156662.00754995435
7.635219556655667 157220.68220576877
7.665714344334434 157859.77734061424
7.696209132013203 158574.0768624947
7.72670391969197 159128.38321800856
7.757198707370738 159689.3281747545
7.787693495049506 160226.27196805738
7.818188282728274 160844.4741229755
7.848683070407041 161499.1378551987
7.87917785808581 162088.9746795653
7.909672645764577 162794.30358860758
7.940167433443345 163590.9741781575
7.970662221122113 164149.64883397194
8.001157008800881 164872.5528096389
8.031651796479649 165781.8807147534
8.062146584158418 166340.55537056783
8.092641371837185 166979.6505054133
8.123136159515953 167693.95002729376
8.15363094719472 168245.02838583523
8.184125734873488 168876.31602670485
8.214620522552256 169590.6155485853
8.245115310231023 170141.69390712678
8.275610097909793 170606.14569213032
8.30610488558856 171203.0836072215
8.336599673267328 171775.09060661052
8.367094460946095 172489.39012849098
8.397589248624863 173115.15291976184
8.428084036303632 173692.15494668856
8.4585788239824 174406.916186956
8.489073611661167 175023.0643584698
8.519568399339935 175830.20928021078
8.550063187018702 176413.54297119984
8.58055797469747 176958.1579245911
8.61105276237624 177726.87480150233
8.641547550055007 178310.2084924914
8.672042337733775 178854.82344588265
8.702537125412542 179368.10383936204
8.73303191309131 179913.81639652653
8.763526700770077 180625.649381408
8.794021488448847 181251.41217267886
8.824516276127614 181834.74586366792
8.855011063806382 182399.88549764385
8.88550585148515 182952.20972695132
8.916000639163917 183740.48351214593
8.946495426842686 184323.817203135
8.976990214521454 184886.21784127038
9.007485002200221 185523.50140567473
9.037979789878989 186223.59049386042
9.068474577557756 186806.9241848495
9.098969365236524 187367.86914159544
9.129464152915293 187912.4840949867
9.159958940594061 188425.76448846608
9.190453728272828 188951.0763856033
9.220948515951596 189509.37982268445
9.251443303630364 190051.11735517904
9.281938091309131 190600.56732765096
9.3124328789879 191137.5336188341
9.342927666666668 191697.7129784103
9.373422454345436 192241.10899617942
9.403917242024203 192784.30358596426
9.43441202970297 193315.70374637237
9.46490681738174 193873.81028695335
9.495401605060508 194421.36739462754
9.525896392739275 194968.5524603175
9.556391180418043 195518.54603258986
9.58688596809681 196059.16208761814
9.617380755775578 196428.3277758886
9.647875543454347 196891.89606871363
9.678370331133115 197425.1286272828
9.708865118811882 197963.8022159082
9.73935990649065 198521.85667055077
9.769854694169418 199220.42389976233
9.800349481848187 199914.63026314112
9.830844269526954 200454.55789286597
9.861339057205722 201115.0297656029
9.89183384488449 201767.7137069311
9.922328632563257 202295.48301340453
9.952823420242025 202849.0449730917
9.983318207920794 203398.3825177194
10.013812995599562 203944.92365455045
10.04430778327833 204516.54915846186
10.074802570957097 205068.330683521
10.105297358635864 205769.55722415633
10.135792146314632 206379.9662925331
10.166286933993401 207122.7667908785
10.196781721672169 207724.5503739526
10.227276509350936 208532.42451118398
10.257771297029704 209094.32149588107
10.288266084708471 209628.00466394285
10.31876087238724 210161.167079892
10.349255660066008 210819.39156989544
10.379750447744776 211532.46803780575
10.410245235423544 212245.5100451638
10.440740023102311 213006.95024791057
10.471234810781079 213546.19370164466
10.501729598459848 214142.17556645535
10.532224386138616 214903.61576920212
10.562719173817383 215482.10992786405
10.59321396149615 216176.31629124284
10.623708749174918 216827.85256860172
10.654203536853686 217652.29767598305
10.684698324532455 218214.19466068014
10.715193112211223 218749.5673794169
10.74568789988999 219548.9631972746
10.776182687568758 220110.8601819717
10.806677475247525 220652.34120260482
10.837172262926295 221342.2595148771
10.867667050605062 221874.25446345052
10.89816183828383 222549.00672389637
10.928656625962597 223122.37086912617
10.959151413641365 223701.16552020982
10.989646201320133 224506.22177761677
11.020140988998902 225200.42814099556
11.05063577667767 225831.52681884286
11.081130564356437 226293.07511601178
11.111625352035205 226989.71989858942
11.142120139713972 227683.9262619682
11.172614927392742 228286.34375199955
11.203109715071509 228930.44282219675
11.233604502750277 229557.50721546938
11.264099290429044 230211.23519243184
11.294594078107812 230928.35773161007
11.32508886578658 231622.56409498886
11.355583653465349 232266.66316518607
11.386078441144116 232808.1201251885
11.416573228822884 233332.45662455587
11.447068016501651 233853.74569974118
11.477562804180419 234391.69410906127
11.508057591859187 235044.62843832118
11.538552379537956 235738.83480169997
11.569047167216723 236357.1095609637
11.599541954895491 236992.44838786987
11.630036742574259 237405.68679103255
11.660531530253026 238075.1769000357
11.691026317931795 238769.3832634145
11.721521105610563 239420.63637737045
11.75201589328933 240114.84274074924
11.782510680968098 240686.15056756604
11.813005468646866 241399.98383360635
11.843500256325633 242027.04822687898
11.873995044004403 242632.34009291138
11.90448983168317 243326.54645629018
11.934984619361938 244041.99781321688
11.965479407040705 244736.20417659567
11.995974194719473 245269.88734465744
12.02646898239824 245797.81093013007
12.05696377007701 246351.53953506146
12.087458557755777 247006.60143707646
12.117953345434545 247661.26516929967
12.148448133113313 248328.95046180952
12.17894292079208 248956.01485508215
12.20943770847085 249789.7437138385
12.239932496149617 250519.85699840542
12.270427283828385 251146.92139167804
12.300922071507152 251693.8376948526
12.33141685918592 252416.52251969697
12.361911646864687 253161.87097801594
12.392406434543457 253856.07734139473
12.422901222222224 254384.06847012113
12.453396009900992 255058.5364993075
12.48389079757976 255752.74286268628
12.514385585258527 256217.19464768982
12.544880372937296 256662.14440334262
12.575375160616064 257356.3507667214
12.605869948294831 257957.31107921316
12.636364735973599 258651.51744259195
12.666859523652366 259277.2802338628
12.697354311331134 259842.41986783873
12.727849099009903 260394.7440971462
12.758343886688671 261072.1452099511
12.788838674367438 261766.35157332988
12.819333462046206 262328.75221146527
12.849828249724974 262870.4297325143
12.880323037403741 263555.2521916656
12.91081782508251 264249.4585550444
12.941312612761278 264810.4035117903
12.971807400440046 265021.07013309724
13.002302188118813 265226.60595929436
13.03279697579758 265272.06967555033
13.06329176347635 265317.53339180653
13.093786551155118 265362.9971080625
13.124281338833885 265408.4608243187
13.154776126512653 265453.92454057466
13.18527091419142 265499.38825683086
13.215765701870188 265544.8519730868
13.246260489548957 265590.315689343
13.276755277227725 265635.779405599
13.307250064906492 265681.2431218552
13.33774485258526 265726.70683811116
13.368239640264028 266137.2513776873
13.398734427942795 266503.4449652382
13.429229215621564 266968.215832822
13.459724003300332 267657.21035176655
13.4902187909791 268284.2747450392
13.520713578657867 268958.1934759158
13.551208366336635 269652.3998392946
13.581703154015404 270299.2243313771
13.612197941694172 270993.43069475587
13.64269272937294 271600.129030376
13.673187517051707 272143.88873554557
13.703682304730474 272764.0731982158
13.734177092409242 273458.2795615946
13.764671880088011 274018.2729756711
13.795166667766779 274572.6037518997
13.825661455445546 275130.42517398763
13.856156243124314 275810.75862831227
13.886651030803081 276486.0383038842
13.91714581848185 277042.70228703786
13.947640606160618 277595.9761391701
13.978135393839386 278146.6951226704
14.008630181518154 278792.92688126466
14.039124969196921 279487.13324464345
14.069619756875689 280043.81578049134
14.100114544554458 280598.7521899983
14.130609332233226 281213.02257137233
14.161104119911993 281686.45719418954
14.19159890759076 282254.7498748242
14.222093695269528 282824.18429377954
14.252588482948296 283482.0844761005
14.283083270627065 284176.2908394793
14.313578058305833 284711.98839838314
14.3440728459846 285337.1048376311
14.374567633663368 286031.3112010099
14.405062421342135 286723.18776500947
14.435557209020905 287417.39412838826
14.466051996699672 287982.10847208323
14.49654678437844 288524.81039138
14.527041572057207 289071.25720117986
14.557536359735975 289765.46356455865
14.588031147414743 290247.5474412334
14.618525935093512 290642.2927087473
14.64902072277228 291169.86866973643
14.679515510451047 291790.44570374745
14.710010298129815 292482.52703966014
14.740505085808582 293011.2429596018
14.77099987348735 293548.73816830316
14.80149466116612 294236.28248017025
14.831989448844887 294930.48884354904
14.862484236523654 295495.6971007779
14.892979024202422 296054.2899281266
14.92347381188119 296675.57626559166
14.953968599559959 297405.68955015857
14.984463387238726 298068.7113781497
15.014958174917494 298762.9177415285
15.045452962596261 299367.83618825837
15.075947750275029 300047.7035297691
15.106442537953797 300741.9098931479
15.136937325632566 301266.19065197604
15.167432113311333 301960.3970153548
15.197926900990101 302481.6036414786
15.228421688668869 302896.34295602795
15.258916476347636 303454.28523704666
15.289411264026405 303994.609069417