0.101932 533.5735422738362
0.25785699009900986 901.9294042820111
0.4137819801980198 1227.6350629139924
0.5697069702970297 1427.0497834858252
0.7256319603960396 1582.4340048365993
0.8815569504950495 1781.848725408432
1.0374819405940594 1943.6245730191586
1.1934069306930692 2213.0332974294433
1.349331920792079 2502.9327068902203
1.505256910891089 2776.4325224790373
1.6611819009900988 2955.604587756039
1.8171068910891088 3095.915285804542
1.9730318811881187 3225.802596905909
2.1289568712871287 3447.7344895144342
2.284881861386139 3737.633898975211
2.4408068514851484 3916.805964252213
2.5967318415841585 4122.932513601845
2.7526568316831685 4370.044541275362
2.908581821782178 4616.579074218811
3.0645068118811882 4795.751139495813
3.220431801980198 4927.2204447690165
3.376356792079208 5057.107755870384
3.532281782178218 5200.604682590871
3.6882067722772276 5425.9296096623875
3.8441317623762377 5661.277218446834
4.000056752475247 5877.323986115727
4.155981742574257 6089.983752000619
4.3119067326732665 6244.1924473787
4.467831722772277 6359.284441968579
4.623756712871287 6493.787844511637
4.779681702970296 6716.6581877124845
4.935606693069307 6947.065232539957
5.091531683168316 7124.020142667214
5.247456673267326 7270.944022965858
5.4033816633663365 7428.9751256698655
5.559306653465346 7606.89824876358
5.715231643564356 7851.731115703551
5.871156633663366 8064.390881588442
6.027081623762376 8259.32493774189
6.1830066138613855 8471.984703626782
6.338931603960395 8587.07669821666
6.494856594059406 8758.652867837853
6.650781584158415 8971.312633722744
6.806706574257425 9086.404628312623
6.962631564356435 9220.90803085568
7.118556554455445 9353.096227771566
7.274481544554455 9520.218537096633
7.430406534653465 9689.602224078772
7.586331524752475 9809.614654354547
7.742256514851484 10000.678578755716
7.898181504950495 10160.30873900358
8.054106495049504 10300.365650877706
8.210031485148514 10466.893137797408
8.365956475247524 10659.636669099542
8.521881465346533 10877.96907284105
8.677806455445545 11034.714969422312
8.833731445544554 11285.56289487939
8.989656435643564 11399.246013411743
9.145581425742574 11556.953215320726
9.301506415841583 11784.890824975351
9.457431405940593 11975.08570834354
9.613356396039604 12191.61560598071
9.769281386138614 12382.67953038188
9.925206376237623 12490.107912220185
10.081131366336633 12690.943536076673
10.237056356435643 12882.007460477842
10.392981346534652 12969.723388657862
10.548906336633662 13066.252660274688
10.704831326732673 13181.097032741302
10.860756316831683 13268.812960921321
11.016681306930693 13346.617321134807
11.172606297029702 13580.651899003358
11.328531287128712 13688.080280841663
11.484456277227721 13852.042219444695
11.640381267326733 14079.97982909932
11.796306257425742 14173.37713938811
11.952231247524752 14389.664333887573
12.108156237623762 14552.64375244423
12.264081227722771 14676.345575081767
12.420006217821781 14884.56591366604
12.57593120792079 15024.151017112541
12.731856198019802 15183.288558266999
12.887781188118812 15445.045303153223
13.043706178217821 15675.452347980696
13.19963116831683 15794.452336873976
13.35555615841584 15915.45598765323
13.51148114851485 16068.834443106025
13.667406138613861 16211.18862743472
13.823331128712871 16424.86297997838
13.97925611881188 16529.985245919088
14.13518110891089 16707.449165183178
14.2911060990099 16883.276216733386
14.44703108910891 17173.175626194163
14.602956079207921 17352.347691471165
14.75888106930693 17482.23500257253
14.91480605940594 17656.07610431849
15.07073104950495 17785.963415419857
15.22665603960396 17982.52616163774
15.382581029702969 18217.873770422186
15.538506019801979 18326.031132008648
15.69443100990099 18521.60218326951
15.850356 18712.775350200653
16.00628099009901 18837.466705465282
16.16220598019802 19016.50376304798
16.31813097029703 19273.254739687836
16.47405596039604 19503.66178451531
16.62998095049505 19611.81914610177
16.78590594059406 19807.390197362634
16.94183093069307 19928.60274683335
17.097755920792082 20033.242152286577
17.25368091089109 20138.403106996033
17.4096059009901 20243.04251244926
17.56553089108911 20343.00832987053
17.72145588118812 20452.111839733087
17.87738087128713 20630.242301701044
18.03330586138614 20839.381995564618
18.18923085148515 21020.377019827836
18.34515584158416 21213.975113267137
18.50108083168317 21484.16423375538
18.657005821782178 21601.013403471676
18.812930811881188 21787.892646602704
18.968855801980197 21909.10519607342
19.12478079207921 22138.667025203176
19.28070578217822 22317.839090480178
19.43663077227723 22552.731393330498
19.59255576237624 22842.630802791275
19.74848075247525 23129.919957024627
19.90440574257426 23309.09202230163
20.06033073267327 23438.979333402996
20.216255722772278 23561.907781675982
20.372180712871288 23691.111120930873
20.528105702970297 23939.270492468204
20.684030693069307 24174.61810125265
20.839955683168316 24297.546549525636
20.995880673267326 24461.299342446844
21.15180566336634 24669.519681031117
21.30773065346535 24794.211036295746
21.46365564356436 24955.148927560833
21.619580633663368 25229.9990705183
21.775505623762378 25460.406115345773
21.931430613861387 25583.33456361876
22.087355603960397 25712.53790287365
22.243280594059406 25832.87540638738
22.399205584158416 25935.872602922376
22.555130574257426 26042.675766550063
22.711055564356435 26142.64158397133
22.866980554455445 26275.59080103814
23.022905544554455 26378.587997573137
23.178830534653468 26554.47504211939
23.334755524752477 26716.289191282936
23.490680514851487 26977.1213506583
23.646605504950497 27170.7194440976
23.802530495049506 27440.908564585843
23.958455485148516 27563.83701285883
24.114380475247525 27693.04035211372
24.270305465346535 27813.37785562745
24.426230455445545 27930.227025343745
24.582155445544554 28045.942418958875
24.738080435643564 28128.735115171527
24.894005425742574 28256.09325027821
25.049930415841583 28372.942419994506
25.205855405940596 28488.657813609636
25.361780396039606 28552.851922777307
25.517705386138616 28683.693743924203
25.673630376237625 28902.49946704827
25.829555366336635 29026.317686186987
25.985480356435644 29154.631254576147
26.141405346534654 29278.449473714863
26.297330336633664 29398.786977228592
26.453255326732673 29555.20707793854
26.609180316831683 29753.331191541394
26.765105306930693 29893.76643660036
26.921030297029702 30018.66795159923
27.076955287128715 30145.898224128236
27.232880277227725 30270.799739127106
27.388805267326735 30419.393566738698
27.544730257425744 30646.497876407637
27.700655247524754 30769.426324680622
27.856580237623763 30999.38966021093
28.012505227722773 31224.874738458893
28.168430217821783 31394.037250464433
28.324355207920792 31516.96569873742
28.480280198019802 31646.16903799231
28.63620518811881 31766.506541506038
28.79213017821782 31849.29923771869
28.94805516831683 32008.2636166155
29.103980158415844 32273.415439326607
29.259905148514854 32481.199816259905
29.415830138613863 32633.006486547063
29.571755128712873 32868.77181220648
29.727680118811882 33010.910936703265
29.883605108910892 33135.078786531
30.0395300990099 33301.484303392004
30.19545508910891 33454.63518936146
30.35138007920792 33687.41184936528
30.50730506930693 34005.4480809801
30.66323005940594 34292.737235213455
30.81915504950495 34415.66568348644
30.97508003960396 34544.86902274133
31.131005029702973 34665.20652625506
31.286930019801982 34768.81040576263
31.442855009900992 34858.24358677928
31.59878 34954.0440528309
31.75470499009901 35123.714007003466
31.91062998019802 35275.140068873065
32.06655497029703 35378.13726540806
32.222479960396036 35489.50437415915
32.378404950495046 35750.615363991645
32.534329940594056 35981.02240881912
32.690254930693065 36084.019605354115
32.846179920792075 36280.39080847381
33.002104910891084 36383.388005008805
33.158029900990094 36490.19116863649
33.313954891089104 36590.15698605776
33.46987988118811 36743.16455255146
33.62580487128712 36897.97972857981
33.78172986138613 37104.216456243536
33.93765485148514 37255.642518113134
34.09357984158416 37445.463651810715
34.24950483168317 37718.01287613739
34.40542982178218 37871.89486610942
34.56135481188119 38021.74128898472
34.7172798019802 38175.623278956744
34.87320479207921 38302.276146840944
35.02912978217822 38423.48869631166
35.185054772277226 38530.806236727745
35.340979762376236 38662.20861801971
35.496904752475245 38818.574330160685
35.652829742574255 38941.50277843367
35.808754732673265 39070.70611768856
35.964679722772274 39339.0116841768
36.120604712871284 39544.896595460246
36.276529702970294 39806.255534842785
36.4324546930693 39950.15223171143
36.58837968316831 40073.080679984414
36.74430467326732 40202.284019239305
36.90022966336633 40350.226287354366
37.05615465346534 40500.38265916554
37.21207964356435 40655.32372649625
37.36800463366336 40788.46534694004
37.52392962376237 40993.66283108352
37.67985461386138 41175.079551644274
37.83577960396039 41384.21924550785
37.9917045940594 41538.10123547987
38.147629584158416 41665.14655213099
38.303554574257426 41880.48667085724
38.459479564356435 42142.21567001374
38.615404554455445 42315.42373858136
38.771329544554455 42519.28345774574
38.927254534653464 42683.504275146406
39.083179524752474 42845.07852833823
39.23910451485148 43114.91882840783
39.39502950495049 43402.20798264118
39.5509544950495 43674.75720696786
39.70687948514851 43828.63919693988
39.86280447524752 43955.29206482408
40.01872946534653 44080.77098446776
40.17465445544554 44207.42385235196
40.33057944554455 44327.76135586569
40.48650443564356 44435.078896281775
40.64242942574257 44528.15725660772
40.79835441584158 44643.82388263225
40.95427940594059 44770.47675051645
41.1102043960396 44877.794290932536
41.26612938613861 44970.87265125848
41.42205437623762 45061.45114946598
41.57797936633663 45189.093238698144
41.73390435643564 45362.40076357254
41.88982934653465 45649.689917805896
42.045754336633664 45791.85065372585
42.20167932673267 46052.50052715489
42.35760431683168 46225.214171084575
42.51352930693069 46348.14261935756
42.6694542970297 46508.53675097588
42.82537928712871 46639.83602712111
42.98130427722772 46833.42749008187
43.13722926732673 47030.39244154544
43.29315425742574 47157.43775819655
43.44907924752475 47256.97147390642
43.60500423762376 47481.72987979982
43.76092922772277 47804.24485863047
43.91685421782178 48091.53401286382
44.07277920792079 48222.02476192539
44.2287041980198 48376.29911495495
44.38462918811881 48663.5882691883
44.54055417821782 48836.67629730853
44.69647916831683 49123.96545154188
44.85240415841584 49320.93040300545
45.00832914851485 49443.85885127843
45.164254138613856 49573.062190533325
45.320179128712866 49695.820845180075
45.476104118811875 49818.74929345306
45.632029108910885 49947.95263270795
45.787954099009895 50068.29013622168
45.943879089108904 50161.90989153326
46.09980407920792 50266.094215264835
46.25572906930693 50441.887806801475
46.41165405940594 50606.555855188926
46.56757904950495 50745.6162196488
46.72350403960396 50910.28426803625
46.87942902970297 51031.496817506966
47.03535401980198 51148.616919507214
47.19127900990099 51323.62797746551
47.347204 51575.55743308482
47.50312899009901 51779.07588304661
47.65905398019802 51991.42190193682
47.81497897029703 52132.94612522406
47.970903960396036 52390.17208188574
48.126828950495046 52590.1731994467
48.282753940594056 52736.980835908966
48.438678930693065 52893.90161229402
48.594603920792075 53040.70924875629
48.750528910891084 53211.9202784716
48.906453900990094 53345.06189891539
49.062378891089104 53515.64869131893
49.21830388118811 53648.790311762714
49.37422887128712 53770.00286123343
49.53015386138613 53874.64226668666
49.68607885148514 54088.014063859184
49.84200384158415 54255.11945539067
49.99792883168316 54391.74247670651
50.15385382178218 54558.847868237994
50.30977881188119 54680.06041770871
50.4657038019802 54809.10706784518
50.62162879207921 54965.38517309481
50.77755378217822 55161.947104925464
50.933478772277226 55407.37920581049
51.089403762376236 55628.284915044205
51.245328752475245 55796.381543619034
51.401253742574255 56111.34298339859
51.557178732673265 56398.63213763194
51.713103722772274 56563.30018601939
51.869028712871284 56686.228634292376
52.02495370297029 56815.43197354727
52.1808786930693 56935.769477060996
52.33680368316831 57052.889579061244
52.49272867326732 57280.37230829598
52.64865366336633 57532.30176391528
52.80457865346534 57735.82021387707
52.96050364356435 57948.16623276728
53.11642863366336 58089.69045605452
53.27235362376237 58346.91641271621
53.42827861386138 58546.91753027716
53.58420360396039 58693.72516673943
53.7401285940594 58835.97208277328
53.89605358415841 58958.90053104627
54.051978574257426 59168.66460930207
54.207903564356435 59301.80622974585
54.363828554455445 59424.73467801884
54.519753544554455 59553.93801727373
54.675678534653464 59674.27552078746
54.831603524752474 59769.34458225046
54.98752851485148 60044.75839468965
55.14345350495049 60211.86378622113
55.2993784950495 60334.79223449412
55.45530348514851 60463.99557374901
55.61122847524752 60584.33307726274
55.76715346534653 60667.12577347539
55.92307845544554 60761.83970553387
56.07900344554455 60876.92019361351
56.23492843564356 61027.0484719135
56.39085342574257 61091.24258108117
56.54677841584158 61165.757720189344
56.70270340594059 61319.63558826427
56.8586283960396 61383.82969743194
57.01455338613861 61449.17523838853
57.17047837623762 61643.284562672256
57.32640336633663 61810.38995420374
57.48232835643564 61919.7143540291
57.63825334653465 62041.308360496245
57.79417833663366 62208.41375202773
57.950103326732666 62333.8342315653
58.10602831683168 62450.17042262986
58.26195330693069 62593.27989343688
58.4178782970297 62729.429378691886
58.57380328712871 62821.26501874224
58.72972827722772 62943.44138509047
58.88565326732673 63061.63367547892
59.04157825742574 63158.99117531773
59.19750324752475 63476.24191719707
59.35342823762376 63763.53107143042
59.50935322772277 63935.06617794343
59.66527821782178 64080.992368058825
59.82120320792079 64203.92081633181
59.9771281980198 64425.16981835943
60.13305318811881 64579.10887288902
60.28897817821782 64753.75829248561
60.44490316831683 65012.716866043804
60.60082815841584 65135.64531431679
60.756753148514846 65276.97579722281
60.912678138613856 65441.64384561026
61.068603128712866 65558.76394761051
61.224528118811875 65665.32331911393
61.380453108910885 65855.70330162591
61.536378099009895 66061.94002928963
61.692303089108904 66226.60807767708
61.848228079207914 66410.64542350615
62.00415306930693 66616.39917841594
62.16007805940594 66826.50989235815
62.31600304950495 67015.14935836487
62.47192803960396 67225.26007230708
62.62785302970297 67425.26118986803
62.78377801980198 67572.0688263303
62.93970300990099 67714.31574236415
63.095628 67836.89755495073
63.25155299009901 68047.00826889294
63.40747798019802 68210.22542193485
63.56340297029703 68361.65148380445
63.719327960396036 68508.45912026672
63.875252950495046 68650.70603630057
64.03117794059406 68867.53270618955
64.18710293069307 69067.5338237505
64.34302792079208 69214.34146021277
64.49895291089109 69366.9022234052
64.6548779009901 69513.70985986746
64.81080289108911 69689.28090277541
64.96672788118812 69822.4225232192
65.12265287128713 69988.6493024301
65.27857786138614 70121.79092287389
65.43450285148515 70216.85998433689
65.59042784158416 70305.4575847204
65.74635283168317 70565.37468816299
65.90227782178218 70732.48007969448
66.05820281188119 70864.74308781768
66.2141278019802 71031.84847934917
66.3700527920792 71102.13985723956
66.52597778217822 71219.16497875977
66.68190277227723 71361.41189479362
66.83782776237624 71532.42806002946
66.99375275247525 71694.10442132241
67.14967774257426 71827.2460417662
67.30560273267326 71922.3151032292
67.46152772277227 72014.04775725416
67.61745271287128 72175.72779938852
67.7733777029703 72408.52184541704
67.9293026930693 72575.62723694852
68.08522768316833 72737.30359824147
68.24115267326734 72817.70340831252
68.39707766336635 72966.88639701885
68.55300265346536 73113.69403348112
68.70892764356437 73255.94094951497
68.86485263366338 73411.04627182183
69.02077762376238 73588.63347604376
69.1767026138614 73738.03768734692
69.3326276039604 73941.55613730871
69.48855259405941 74153.90215619892
69.64447758415842 74295.42637948616
69.80040257425743 74552.65233614785
69.95632756435644 74752.6534537088
70.11225255445545 74899.46109017107
70.26817754455446 75041.70800620492
70.42410253465347 75135.1962229666
70.58002752475248 75374.4005327337
70.73595251485149 75507.54215317749
70.8918775049505 75602.61121464049
71.04780249504951 75724.91360199032
71.20372748514852 75858.05522243411
71.35965247524753 75987.96240591386
71.51557746534654 76250.49431812129
71.67150245544555 76417.59970965277
71.82742744554456 76505.18044631823
71.98335243564357 76616.37768192333
72.13927742574258 76768.11277890939
72.29520241584159 76898.01996238914
72.4511274059406 76993.42633570847
72.6070523960396 77069.44338041183
72.76297738613862 77190.60707873991
72.91890237623763 77287.3229336926
73.07482736633663 77525.72464532469
73.23075235643564 77692.83003685618
73.38667734653465 77769.38203645847
73.54260233663366 77895.27160698414
73.69852732673267 78001.83097848756
73.85445231683168 78169.28385097906
74.01037730693069 78320.70991284866
74.1663022970297 78525.78842100065
74.32222728712871 78680.23583905096
74.47815227722772 78831.66190092056
74.63407726732673 79026.59225279471
74.79000225742574 79156.94096369139
74.94592724752475 79383.0968228163
75.10185223762376 79537.54424086661
75.25777722772277 79682.46522247099
75.41370221782178 79836.9126405213
75.56962720792079 79907.20401841169
75.7255521980198 80041.90747688297
75.88147718811881 80196.55267097359
76.03740217821783 80344.30323072476
76.19332716831684 80495.72929259436
76.34925215841585 80597.26430457085
76.50517714851486 80690.5005917676
76.66110213861387 80917.96406304045
76.81702712871288 81201.61163254041
76.97295211881189 81288.77020604146
77.1288771089109 81500.9800321951
77.28480209900991 81581.18943212315
77.44072708910892 81662.83162883308
77.59665207920793 81933.4189915121
77.75257706930694 82061.89142005361