0.050953 11723.143244753592
0.08037896599659966 15038.414971118793
0.10980493199319932 20002.260682099033
0.13923089798979899 25602.957013984676
0.16865686398639862 29788.801939632744
0.19808282998299828 33708.947277574334
0.22750879597959794 36230.970810078084
0.2569347619761976 38514.53928732034
0.28636072797279727 42131.26170419529
0.31578669396939696 44284.665875343606
0.3452126599659966 48884.44503169879
0.37463862596259623 50982.391690608114
0.40406459195919586 54615.60040009278
0.4334905579557956 58819.90369623783
0.46291652395239524 62420.09946473455
0.4923424899489949 64898.90660195425
0.5217684559455945 68366.05191234988
0.5511944219421943 72612.15350282821
0.5806203879387939 75163.3863895433
0.6100463539353935 77841.75945917936
0.6394723199319932 81050.87296537124
0.6688982859285929 84600.779286457
0.6983242519251925 88710.88978275144
0.7277502179217922 92483.50631358521
0.7571761839183918 93782.40738575207
0.7866021499149914 95257.41242155991
0.8160281159115912 97528.73494207882
0.8454540819081908 100868.87313115597
0.8748800479047905 105418.10375525802
0.9043060139013901 108788.67553396057
0.9337319798979898 111719.50561820343
0.9631579458945895 115079.09165467322
0.9925839118911891 119110.38795354124
1.0220098778877886 122480.95973224379
1.0514358438843885 125142.14816538244
1.0808618098809881 128512.719944085
1.1102877758775878 131102.61940995418
1.1397137418741874 133366.24432376586
1.169139707870787 136404.78716583923
1.1985656738673867 139398.00453560706
1.2279916398639863 141417.5528237205
1.257417605860586 144072.9069214631
1.2868435718571858 149002.46014405973
1.3162695378537854 153455.22388884984
1.345695503850385 156013.7667925097
1.3751214698469847 158406.94434183277
1.4045474358435843 160198.62230885215
1.433973401840184 162522.9472266864
1.4633993678367836 166329.75238670036
1.4928253338333832 168390.29568648338
1.5222512998299829 173263.0400344003
1.5516772658265827 176084.8877322767
1.5811032318231824 178848.1265808288
1.610529197819782 181406.66948448867
1.6399551638163816 182464.22936126683
1.6693811298129813 187662.53376854304
1.698807095809581 191867.58433315624
1.7282330618061805 196487.48713266943
1.7576590278027802 199418.31721691228
1.7870849937993798 202777.90325338207
1.8165109597959797 206224.13175784424
1.8459369257925793 210179.77133095264
1.875362891789179 212977.48860494606
1.9047888577857786 216211.53154279385
1.9342148237823782 219916.41595612746
1.9636407897789778 222283.67703017592
1.9930667557755775 225948.17616796866
2.022492721772177 228027.52069141343
2.0519186877687767 231969.61444269493
2.081344653765376 235429.388768984
2.110770619761976 238131.11774721462
2.1401965857585754 241461.1489808252
2.1696225517551753 244162.87795905583
2.1990485177517747 246052.20058211405
2.2284744837483745 247178.1209758157
2.2579004497449744 250173.19085139502
2.287326415741574 252874.91982962564
2.3167523817381737 255380.22463618498
2.346178347734773 259257.06980175246
2.375604313731373 262691.09378867224
2.4050302797279723 265547.4859224651
2.434456245724572 269805.1391765233
2.4638822117211716 272949.3540000357
2.4933081777177715 276172.6136883516
2.5227341437143713 278981.1142118769
2.5521601097109707 282387.66923585907
2.5815860757075706 284999.47899879236
2.61101204170417 286981.4971479643
2.64043800770077 290293.8178542806
2.6698639736973693 292905.6276172139
2.699289939693969 295478.1177636096
2.7287159056905685 298899.65119617246
2.7581418716871684 301849.0694348477
2.7875678376837683 304460.879197781
2.8169938036803677 306799.1443875218
2.8464197696769675 309410.9541504551
2.875845735673567 310811.83377211913
2.905271701670167 311833.7729497077
2.934697667666766 314715.0085979812
2.964123633663366 317532.40191674046
2.9935495996599655 320144.21167967375
3.0229755656565653 322950.89709838387
3.052401531653165 328202.206640291
3.0818274976497646 330814.0164032243
3.1112534636463645 332511.7434940692
3.140679429642964 337536.4670639392
3.1701053956395637 340148.2768268725
3.199531361636163 342319.7691539489
3.228957327632763 344808.4566297764
3.2583832936293624 350006.7610370526
3.2878092596259623 352804.478311046
3.317235225622562 355928.56154613104
3.3466611916191615 359743.4056622274
3.3760871576157614 361571.2382020457
3.405513123612361 365333.7245305907
3.4349390896089607 368510.16555322707
3.46436505560556 371796.6041487949
3.49379102160216 375256.37847508397
3.5232169875987593 377958.1074533146
3.552642953595359 381064.7055596025
3.582068919591959 384538.9778976375
3.6114948855885585 387424.927690343
3.6409208515851583 390929.9506888329
3.6703468175817577 394404.22302686796
3.6997727835783576 396537.42103795474
3.729198749574957 398831.449624653
3.758624715571557 400922.38108781725
3.7880506815681563 403622.60508159176
3.817476647564756 406648.75816930644
3.846902613561356 410446.02322865836
3.8763285795579554 413504.911147153
3.9057545455545553 415999.60339445155
3.9351805115511547 418961.2204344217
3.9646064775477545 423028.5532879941
3.994032443544354 425010.5714371661
4.023458409540954 427309.37322495226
4.052884375537554 430934.70190641563
4.082310341534153 433466.2920647925
4.1117363075307525 436119.0018157447
4.141162273527352 439540.5352483075
4.170588239523952 442489.95348698273
4.200014205520552 444572.75418187305
4.229440171517151 447440.02843965683
4.258866137513751 449478.87473446317
4.288292103510351 452428.2929731384
4.317718069506951 454511.0936680287
4.3471440355035496 457378.3679258125
4.376570001500149 459319.44855158497
4.405995967496749 461797.5559973866
4.435421933493349 465512.3537419848
4.464847899489949 468843.0906924261
4.494273865486548 470574.05837490596
4.523699831483148 474110.0182625018
4.553125797479748 478177.35111607425
4.5825517634763475 479908.31879855413
4.6119777294729465 481270.4829389602
4.641403695469546 485413.0349227404
4.670829661466146 488407.22498817835
4.700255627462746 491153.51157137007
4.729681593459346 493973.31709736306
4.759107559455945 497176.3397761155
4.788533525452545 500143.24739521835
4.817959491449145 502533.65887537133
4.8473854574457444 504899.96079523396
4.876811423442343 509408.1911480762
4.906237389438943 512591.17629280593
4.935663355435543 515226.35781638604
4.965089321432143 518493.1033982113
4.994515287428743 520413.1781071564
5.023941253425342 522711.3531726757
5.053367219421942 525170.5852343468
5.0827931854185415 528559.079147649
5.112219151415141 532772.7779052211
5.14164511741174 536099.6011213977
5.17107108340834 540969.1275507901
5.20049704940494 545808.7152425516
5.22992301540154 548991.7003872814
5.25934898139814 550937.9194585793
5.288774947394739 554946.8868998736
5.318200913391339 557647.1108936481
5.3476268793879385 559380.9191647125
5.377052845384538 562397.5191011326
5.406478811381137 567529.4169592094
5.435904777377737 569511.4351083813
5.465330743374337 571661.4708120879
5.494756709370937 575435.5655776309
5.524182675367537 578311.4736570185
5.553608641364136 581074.871532253
5.5830346073607355 585543.9907888304
5.612460573357335 591347.410994349
5.641886539353935 594047.6349881236
5.671312505350534 595967.7096970687
5.700738471347134 598798.0431956081
5.730164437343734 603929.9410536848
5.759590403340334 605911.9592028568
5.789016369336934 608061.9949065633
5.818442335333533 611836.0896721063
5.8478683013301325 614367.6798304832
5.877294267326732 617020.3895814354
5.906720233323332 620441.9230139982
5.936146199319931 623391.3412526734
5.965572165316531 625474.1419475637
5.994998131313131 628341.4162053475
6.024424097309731 630261.4909142926
6.053850063306331 631699.458448262
6.0832760293029295 634614.4836924272
6.112701995299529 636714.5793521255
6.142127961296129 639564.5586451013
6.171553927292729 641664.6543047996
6.200979893289328 644669.9038527636
6.230405859285928 649744.4784581168
6.259831825282528 651664.5531670619
6.289257791279128 653362.2802579068
6.3186837572757275 659078.7388817649
6.3481097232723265 660998.81359071
6.377535689268926 662020.9657243313
6.406961655265526 665158.5825305209
6.436387621262126 667690.1726888977
6.465813587258725 670342.8824398499
6.495239553255325 673764.4158724127
6.524665519251925 676713.834111088
6.554091485248525 679548.088489485
6.583517451245124 682106.909278254
6.612943417241723 685693.5806264225
6.642369383238323 688796.6824899819
6.671795349234923 691364.892408072
6.701221315231523 693208.6660240451
6.730647281228122 698276.1106857583
6.760073247224722 701247.1984736333
6.789499213221322 703229.2166228052
6.8189251792179215 706182.2593041798
6.848351145214521 709153.3470920548
6.87777711121112 711684.9372504316
6.90720307720772 715984.1346954135
6.93662904320432 721116.8625879781
6.96605500920092 724462.6198853217
6.995480975197519 727546.6628322285
7.024906941194119 730550.6402401319
7.054332907190719 733699.3926473139
7.0837588731873184 737045.1499446575
7.113184839183918 740129.1928915642
7.142610805180517 743133.1702994676
7.172036771177117 745115.1884486396
7.201462737173717 748035.3415099857
7.230888703170317 751039.3189178891
7.260314669166916 753570.909076266
7.289740635163516 757103.4416138809
7.3191666011601155 759645.152259781
7.348592567156715 763087.1393380556
7.378018533153315 765343.0920444336
7.407444499149914 767544.6454511303
7.436870465146514 770993.2879564771
7.466296431143114 773615.4235741943
7.495722397139714 776564.8418128695
7.525148363136313 779599.121298369
7.554574329132913 782548.5395370442
7.5840002951295125 784804.4922434222
7.613426261126112 787498.6144897183
7.642852227122712 789754.5671960963
7.672278193119311 792193.9477727376
7.701704159115911 795277.9907196444
7.731130125112511 798281.9681275478
7.760556091109111 799304.120261169
7.78998205710571 802917.9790183129
7.8194080231023095 805838.7727097124
7.848833989098909 808901.6767424876
7.878259955095509 812252.239441961
7.907685921092109 813317.1469448274
7.937111887088708 818235.9371661358
7.966537853085308 820491.8898725137
7.995963819081908 822651.4073684756
8.025389785078508 824579.673334795
8.054815751075107 826962.6163676251
8.084241717071707 828468.1464894572
8.113667683068305 830952.3913970524
8.143093649064905 834943.4255909612
8.172519615061505 838049.9429046698
8.201945581058105 841232.9280493995
8.231371547054705 843179.1471206974
8.260797513051305 847525.955650297
8.290223479047905 849507.973799469
8.319649445044504 851658.0095031755
8.349075411041104 855432.1042687185
8.378501377037702 857963.6944270954
8.407927343034302 861289.6890416015
8.437353309030902 864037.9376106104
8.466779275027502 867185.1715595666
8.496205241024102 871330.2404170651
8.525631207020702 876304.4469179492
8.555057173017302 880136.9500304945
8.584483139013901 883588.6386564672
8.613909105010501 886288.8626502417
8.6433350710071 888886.976977285
8.6727610370037 892719.4800898302
8.702187003000299 896171.168715803
8.731612968996899 898153.1868649749
8.761038934993499 900625.6287082518
8.790464900990099 904077.3173342245
8.819890866986698 906608.9074926013
8.849316832983298 909261.6172435535
8.878742798979898 912683.1506761163
8.908168764976496 915632.5689147916
8.937594730973096 918643.6154485038
8.967020696969696 921343.8394422783
8.996446662966296 923928.0175407687
9.025872628962896 927478.8415390765
9.055298594959496 931226.1455078395
9.084724560956095 933810.32360633
9.114150526952695 935961.3876032671
9.143576492949295 939132.294126261
9.173002458945893 941762.982920994
9.202428424942493 944316.5940355901
9.231854390939093 947738.1274681529
9.261280356935693 950687.5457068281
9.290706322932293 953271.7238053186
9.320132288928892 955637.6206595022
9.349558254925492 958274.9648813074
9.378984220922092 961224.3831199827
9.408410186918692 963370.642344838
9.43783615291529 966320.0605835132
9.46726211891189 968999.6482585613
9.49668808490849 971270.1355361873
9.52611405090509 973949.7232112354
9.55554001690169 977040.6829122715
9.58496598289829 979624.8610107619
9.61439194889489 982627.6393671567
9.643817914891489 986374.9433359196
9.673243880888089 988959.1214344101
9.702669846884687 991110.1854313472
9.732095812881287 993402.9652219554
9.761521778877887 996911.7807490742
9.790947744874487 998745.8552646665
9.820373710871086 1002028.8133924799
9.849799676867686 1004687.0458876528
9.879225642864286 1008628.1613302277
9.908651608860886 1011153.1790317586
9.938077574857486 1013135.1971809305
9.967503540854084 1016534.3099486493
9.996929506850684 1019065.9001070261
10.026355472847284 1021718.6098579783
10.055781438843884 1025140.1432905411
10.085207404840483 1028089.5615292164
10.114633370837083 1030614.5792307472
10.144059336833683 1034419.1844729576
10.173485302830283 1037119.4084667321
10.202911268826883 1040190.5481181974
10.232337234823481 1044331.8862612965
10.26176320082008 1047032.110255071
10.29118916681668 1049430.4089265652
10.32061513281328 1052773.078177533
10.35004109880988 1056914.4163206322
10.37946706480648 1059010.545503662
10.40889303080308 1061046.4701735107
10.43831899679968 1064820.5649390537
10.46774496279628 1067352.1550974306
10.497170928792878 1070004.8648483828
10.526596894789478 1073426.3982809456
10.556022860786078 1076375.8165196208
10.585448826782677 1078471.9457026506
10.614874792779277 1081325.891472295
10.644300758775877 1083443.6999317203
10.673726724772477 1087401.9783875942
10.703152690769077 1089322.0530965393
10.732578656765677 1091133.3886139821
10.762004622762275 1092816.2519367253
10.791430588758875 1095710.0955831828
10.820856554755474 1098625.120827348
10.850282520752074 1102728.9537250642
10.879708486748674 1104825.082908094
10.909134452745274 1107921.8760056132
10.938560418741874 1112063.2141487123
10.967986384738474 1114159.343331742
10.997412350735074 1115334.9928074665
11.026838316731672 1119020.384680735
11.056264282728272 1120267.0453124586
11.085690248724871 1123085.3587958561
11.115116214721471 1126352.8430199157
11.144542180718071 1129140.5615606047
11.173968146714671 1131599.7936222758
11.20339411271127 1135127.4194691824
11.23282007870787 1139364.1471028756
11.26224604470447 1143424.863116309
11.291672010701069 1147606.4848618908
11.321097976697668 1150258.4885591082
11.350523942694268 1155420.9087752104
11.379949908690868 1157340.9834841555
11.409375874687468 1158443.4269867875
11.438801840684068 1161124.5648104073
11.468227806680668 1164850.7552028485
11.497653772677268 1166644.0512149641
11.527079738673867 1169159.2782437233
11.556505704670466 1174515.0097058332
11.585931670667065 1177316.1002031052
11.615357636663665 1181501.098042963
11.644783602660265 1185367.9123269357
11.674209568656865 1190192.630565702
11.703635534653465 1192722.8387836376
11.733061500650065 1194642.9134925827
11.762487466646665 1197197.3783782544
11.791913432643264 1201251.279297324
11.821339398639862 1203171.354006269
11.850765364636462 1204872.7879762836
11.880191330633062 1209244.6083453316
11.909617296629662 1211786.281988549
11.939043262626262 1217832.7955785934
11.968469228622862 1221018.784291801
11.997895194619462 1222938.8590007462
12.027321160616061 1225216.0510251913
12.056747126612661 1227136.1257341364
12.08617309260926 1229326.9014873896
12.11559905860586 1232241.9267315548
12.14502502460246 1234342.0223912532
12.174450990599059 1236585.555943069
12.203876956595659 1239271.7421833212
12.233302922592259 1243159.376377046
12.262728888588859 1245079.4510859912
12.292154854585458 1246735.2414427446
12.321580820582058 1248815.129378343
12.351006786578656 1251467.4935726346
12.380432752575256 1254573.7721557384
12.409858718571856 1256482.6144764982
12.439284684568456 1258577.319815673
12.468710650565056 1262641.5208612373
12.498136616561656 1266815.7612287877
12.527562582558255 1271155.288437008
12.556988548554855 1274341.2771502156
12.586414514551455 1275913.440873066
12.615840480548053 1278538.5438836059
12.645266446544653 1280721.6937528634
12.674692412541253 1285190.3603688395
12.704118378537853 1288536.117666183
12.733544344534453 1291620.1606130898
12.762970310531053 1294624.1380209932
12.792396276527652 1296636.9317276012
12.821822242524252 1298568.5367172724
12.851248208520852 1302699.5370148905
12.88067417451745 1305885.5257280981
12.91010014051405 1308594.4093354065
12.93952610651065 1312178.9652106669
12.96895207250725 1315364.9539238745
12.99837803850385 1319962.082159331
13.02780400450045 1323307.8394566746
13.05722997049705 1326391.8824035814
13.08665593649365 1329395.8598114848
13.116081902490249 1331926.0680294205
13.145507868486847 1334366.4881882966
13.174933834483447 1337450.5311352033
13.204359800480047 1340454.5085431067
13.233785766476647 1343366.131125898
13.263211732473247 1347602.2471722225
13.292637698469846 1350948.004469566
13.322063664466446 1354133.9931827737
13.351489630463046 1357218.0361296805
13.380915596459646 1360222.0135375839
13.410341562456244 1361794.1772604343
13.439767528452844 1364592.8294065408
13.469193494449444 1367778.8181197485
13.498619460446044 1371006.2961387895
13.528045426442644 1374192.2848519972
13.557471392439243 1376989.9938629642
13.586897358435843 1380175.9825761719
13.616323324432443 1382431.9352825498
13.645749290429043 1384591.4527785117
13.675175256425641 1386629.20201594
13.70460122242224 1388902.6617776612
13.73402718841884 1390716.9854782214
13.76345315441544 1393099.9285110515
13.79287912041204 1396332.8769372422
13.82230508640864 1398428.940467692
13.85173105240524 1402316.574661417
13.88115701840184 1404982.6598368092
13.91058298439844 1408353.2316155117
13.940008950395038 1411053.4556092862
13.969434916391638 1413180.7574275872
13.998860882388238 1417565.189896145
14.028286848384838 1420935.7616748475
14.057712814381437 1422917.7798240194
14.087138780378037 1425763.287486923
14.116564746374637 1428841.910293269
14.145990712371237 1431821.0462663695
14.175416678367837 1434077.1718564583
14.204842644364435 1437447.7436351608
14.234268610361035 1440397.161873836
14.263694576357635 1442479.9625687264
14.293120542354234 1445673.7597706616
14.322546508350834 1450513.3474624231
14.351972474347434 1453696.3326071529
14.381398440344034 1456494.0498811463
14.410824406340634 1460249.992087598
14.440250372337234 1463432.9772323277
14.469676338333832 1465379.1963036256
14.499102304330432 1467463.6028824039
14.528528270327032 1472303.1905741654
14.557954236323631 1475762.9649004545
14.587380202320231 1478945.9500451842
14.616806168316831 1481647.6790234149
14.646232134313431 1483593.8980947128
14.67565810031003 1485258.7338608848
14.70508406630663 1490853.7388069443