0.003101	144
0.031692	288
0.049874	432
0.074270	576
0.118203	720
0.140342	864
0.153514	1008
0.167379	1152
0.177792	1296
0.203147	1440
0.219938	1584
0.231148	1728
0.250604	1872
0.271013	2016
0.283175	2160
0.292934	2304
0.305977	2448
0.317503	2592
0.327578	2736
0.373722	2880
0.407249	3024
0.418056	3168
0.499797	3312
0.510879	3456
0.521660	3600
0.533923	3744
0.549715	3888
0.578757	4032
2.509952	4176
2.524158	4320
2.544909	4464
2.566413	4608
2.598999	4752
2.611387	4896
2.625976	5040
2.652229	5184
2.720655	5328
2.739257	5472
2.998455	5616
3.013537	5760
3.244681	5904
3.261213	6048
3.273905	6192
3.293558	6336
3.307190	6480
3.320369	6624
3.348367	6768
3.365960	6912
3.379794	7056
3.393693	7200
3.407378	7344
3.478449	7488
3.500941	7632
3.581381	7776
3.630899	7920
3.643586	8064
3.654526	8208
3.664527	8352
3.684180	8496
3.722414	8640
3.773755	8784
3.807620	8928
3.819674	9072
3.833356	9216
3.887965	9360
3.901857	9504
3.912279	9648
3.926288	9792
3.970296	9936
3.980801	10080
3.998401	10224
4.010940	10368
4.128575	10512
4.144034	10656
4.168768	10800
4.179390	10944
4.193442	11088
4.205668	11232
4.228563	11376
4.290185	11520
4.389121	11664
4.399369	11808
4.416966	11952
4.431008	12096
4.442967	12240
4.455202	12384
4.471150	12528
4.488288	12672
4.575919	12816
4.586481	12960
4.605444	13104
4.616556	13248
4.641980	13392
4.654733	13536
5.900401	13680
6.034874	13824
6.094729	13968
6.105759	14112
6.119467	14256
6.130310	14400
6.148432	14544
6.160919	14688
6.180131	14832
6.223719	14976
6.250334	15120
6.260716	15264
6.358079	15408
6.373854	15552
6.387579	15696
6.398189	15840
6.414234	15984
6.427705	16128
6.439263	16272
6.470660	16416
6.482435	16560
6.492994	16704
6.508474	16848
6.520065	16992
6.536198	17136
6.547423	17280
6.559204	17424
6.570102	17568
6.581020	17712
6.590946	17856
6.601210	18000
6.611163	18144
6.619741	18288
6.636460	18432
6.652301	18576
6.739974	18720
9.074109	18864
9.088293	19008
9.099456	19152
9.129163	19296
9.142785	19440
9.154919	19584
9.178333	19728
9.250706	19872
9.261444	20016
9.286245	20160
9.300333	20304
9.312907	20448
9.328893	20592
9.347332	20736
9.361742	20880
9.373009	21024
9.385042	21168
9.399209	21312
9.425376	21456
9.436191	21600
9.446540	21744
9.642617	21888
9.653410	22032
9.663476	22176
9.673914	22320
9.696441	22464
9.714903	22608
9.727380	22752
9.743722	22896
9.765105	23040
9.783196	23184
9.804850	23328
9.841432	23472
9.856360	23616
9.867567	23760
9.888621	23904
9.914784	24048
9.938438	24192
9.947486	24336
9.958058	24480
9.970862	24624
9.990835	24768
10.002476	24912
10.079134	25056
10.094734	25200
10.104599	25344
10.115094	25488
10.127830	25632
10.158901	25776
10.198145	25920
10.209859	26064
10.220781	26208
10.230296	26352
10.245441	26496
10.256100	26640
10.269179	26784
10.282673	26928
10.305715	27072
10.318193	27216
10.361969	27360
10.376899	27504
10.388603	27648
10.399410	27792
10.409768	27936
10.440735	28080
10.543413	28224
10.554722	28368
10.573774	28512
10.586595	28656
10.599009	28800
10.612620	28944
10.623847	29088
10.637749	29232
10.674364	29376
10.692610	29520
10.717015	29664
10.727170	29808
10.745492	29952
10.759564	30096
10.771871	30240
10.781677	30384
10.799268	30528
10.810874	30672
10.825606	30816
10.887041	30960
10.896232	31104
10.906325	31248
10.918005	31392
10.934229	31536
10.944105	31680
10.953623	31824
10.989701	31968
11.016524	32112
11.041683	32256
11.055109	32400
11.072615	32544
11.081720	32688
11.205051	32832
11.217607	32976
11.286800	33120
11.301153	33264
11.316403	33408
11.326870	33552
11.337416	33696
11.346926	33840
11.356665	33984
11.367670	34128
11.400262	34272
11.411339	34416
11.421490	34560
11.444301	34704
11.464562	34848
11.513133	34992
11.528169	35136
11.547672	35280
11.557238	35424
11.567701	35568
11.577116	35712
11.587303	35856
11.696696	36000
11.712508	36144
11.723639	36288
11.738049	36432
11.750171	36576
11.762724	36720
11.789740	36864
11.811791	37008
11.837488	37152
11.859285	37296
11.868591	37440
11.876826	37584
11.887592	37728
11.906610	37872
11.917755	38016
11.927582	38160
11.950894	38304
11.969179	38448
11.990439	38592
12.003024	38736
12.016450	38880
12.043049	39024
12.053524	39168
12.082931	39312
12.091313	39456
12.118030	39600
12.130061	39744
12.153714	39888
12.163952	40032
12.199686	40176
12.217403	40320
12.227595	40464
12.253774	40608
12.282212	40752
12.508330	40896
12.519410	41040
12.590296	41184
12.601311	41328
12.610970	41472
12.621017	41616
12.633332	41760
12.700072	41904
12.716202	42048
12.743528	42192
12.756262	42336
12.769039	42480
12.779198	42624
12.806399	42768
12.819789	42912
12.838801	43056
12.851676	43200
12.867534	43344
12.891777	43488
12.905969	43632
12.930014	43776
12.947749	43920
12.959565	44064
12.969285	44208
12.990381	44352
13.000298	44496
13.010304	44640
13.023622	44784
13.045324	44928
13.093713	45072
13.116710	45216
13.158088	45360
13.173498	45504
13.239293	45648
13.250285	45792
13.280171	45936
13.291655	46080
13.315316	46224
13.335875	46368
13.350889	46512
13.363024	46656
13.372989	46800
13.384061	46944
13.411958	47088
13.424080	47232
13.435027	47376
13.445902	47520
13.475466	47664
13.491387	47808
13.502491	47952
13.512406	48096
13.533655	48240
13.566609	48384
13.578506	48528
13.587039	48672
13.596067	48816
13.611687	48960
13.627647	49104
13.637825	49248
13.647418	49392
13.657402	49536
13.689498	49680
13.706979	49824
13.717223	49968
13.742798	50112
13.752275	50256
13.765602	50400
13.778601	50544
13.795882	50688
13.815528	50832
13.828603	50976
13.852789	51120
13.862128	51264
13.919542	51408
14.005648	51552
14.019561	51696
14.039445	51840
14.061533	51984
14.110792	52128
14.120786	52272
14.129825	52416
14.146462	52560
14.166295	52704
14.177860	52848
14.188055	52992
14.203895	53136
14.242161	53280
14.329288	53424
14.351699	53568
14.363206	53712
14.379244	53856
14.388996	54000
14.624257	54144
14.642616	54288
14.652187	54432
14.666256	54576
14.678459	54720
14.694830	54864
14.712865	55008
14.726093	55152
14.767072	55296
14.779257	55440
14.801637	55584
14.810706	55728
14.827385	55872
14.845635	56016
14.959004	56160
14.975472	56304
14.989457	56448
14.999344	56592
15.014321	56736
15.025264	56880
15.068244	57024
15.080483	57168
15.105500	57312
15.194248	57456
15.205133	57600
15.227082	57744
15.238015	57888
15.271921	58032
15.283650	58176
15.317489	58320
15.344768	58464
15.355093	58608
15.364778	58752
15.547765	58896
15.558837	59040
15.574778	59184
15.728305	59328
15.756117	59472
15.765140	59616
15.796110	59760
15.816938	59904
15.829619	60048
15.844256	60192
15.870329	60336
15.881275	60480
16.089640	60624
16.099088	60768
16.119892	60912
16.128482	61056
16.138012	61200
16.148512	61344
16.158326	61488
16.221146	61632
16.236296	61776
16.251344	61920
16.277184	62064
16.287192	62208
16.297055	62352
16.312618	62496
16.323194	62640
16.333360	62784
16.342494	62928
16.353155	63072
16.362825	63216
16.374836	63360
16.386961	63504
16.397689	63648
16.409042	63792
16.424506	63936
16.476045	64080
16.486242	64224
16.495500	64368
16.519179	64512
16.558930	64656
16.572146	64800
16.588197	64944
16.605961	65088
16.618132	65232
16.630579	65376
16.643431	65520
16.664874	65664
16.674176	65808
16.684297	65952
16.693311	66096
16.710473	66240
16.863985	66384
16.889061	66528
16.906925	66672
16.923326	66816
16.944082	66960
17.075687	67104
17.086944	67248
17.102393	67392
17.111624	67536
17.147262	67680
17.159718	67824
17.169691	67968
17.192906	68112
17.206915	68256
17.224898	68400
17.238135	68544
17.253999	68688
17.266790	68832
17.276949	68976
17.290027	69120
17.300078	69264
17.317260	69408
17.335343	69552
17.349013	69696
17.363032	69840
17.378702	69984
17.395038	70128
17.408671	70272
17.419601	70416
17.430702	70560
17.456194	70704
17.486053	70848
17.508938	70992
17.522711	71136
17.535667	71280
17.549477	71424
17.560394	71568
17.570162	71712
17.596255	71856
17.606448	72000
17.615849	72144
17.675280	72288
17.685673	72432
17.708757	72576
17.736933	72720
17.746820	72864
17.758124	73008
17.785710	73152
17.803353	73296
17.820878	73440
17.829925	73584
17.868523	73728
17.893468	73872
17.902438	74016
17.941235	74160
17.956640	74304
18.025635	74448
18.049956	74592
18.067373	74736
18.079301	74880
18.091978	75024
18.101980	75168
18.173737	75312
18.190577	75456
18.204414	75600
18.216805	75744
18.229478	75888
18.246036	76032
18.727396	76176
18.747931	76320
18.757847	76464
18.773005	76608
18.786176	76752
18.797174	76896
18.825273	77040
18.877485	77184
18.887146	77328
18.967530	77472
18.986742	77616
18.997579	77760
19.011608	77904
19.035058	78048
19.045524	78192
19.092177	78336
19.106951	78480
19.125844	78624
19.139136	78768
19.149115	78912
19.539687	79056
19.608974	79200
19.618784	79344
19.627770	79488
19.678003	79632
19.695071	79776
19.713199	79920
19.722471	80064
19.733897	80208
19.742576	80352
19.779930	80496
19.793259	80640
19.803365	80784
19.821555	80928
19.832352	81072
19.852639	81216
19.870341	81360
19.880641	81504
19.890847	81648
19.908610	81792
19.934317	81936
19.950976	82080
19.969777	82224
19.998430	82368
20.017727	82512
20.034446	82656
20.045691	82800
20.055982	82944
20.073669	83088
20.082990	83232
20.118616	83376
20.129300	83520
20.139490	83664
20.148912	83808
20.181461	83952
20.194154	84096
20.204774	84240
20.217521	84384
20.433940	84528
20.460208	84672
20.472844	84816
20.482737	84960
20.492481	85104
20.737853	85248
20.749036	85392
20.765012	85536
20.783109	85680
20.802035	85824
20.814572	85968
20.855731	86112
20.873344	86256
20.887986	86400
20.910540	86544
20.924675	86688
20.948194	86832
20.958909	86976
20.968018	87120
20.977796	87264
20.989866	87408
20.999948	87552
21.011227	87696
21.160616	87840
21.198912	87984
21.224542	88128
21.286270	88272
21.296208	88416
21.317642	88560
21.335348	88704
21.345694	88848
21.357704	88992
21.370846	89136
21.394042	89280
21.412542	89424
21.443339	89568
21.476446	89712
21.490465	89856
21.510237	90000
21.519954	90144
21.529602	90288
21.541632	90432
21.558712	90576
21.570224	90720
21.579395	90864
21.599731	91008
21.682655	91152
21.695221	91296
21.716779	91440
21.728513	91584
21.750293	91728
21.764926	91872
21.799647	92016
21.813110	92160
21.847666	92304
21.888313	92448
21.898868	92592
21.926608	92736
21.957420	92880
21.967368	93024
21.994713	93168
22.003725	93312
22.019073	93456
22.051219	93600
22.079053	93744
22.192411	93888
22.210190	94032
22.219250	94176
22.250740	94320
22.288886	94464
22.301854	94608
22.311112	94752
22.329219	94896
22.338422	95040
22.347416	95184
22.363417	95328
22.383679	95472
22.396394	95616
22.416240	95760
22.453130	95904
22.474437	96048
22.500105	96192
22.512667	96336
22.528612	96480
22.540825	96624
22.563399	96768
22.575285	96912
22.586248	97056
22.612511	97200
22.629694	97344
22.645400	97488
22.657425	97632
22.667689	97776
22.682678	97920
22.700545	98064
22.711753	98208
22.734042	98352
22.745315	98496
22.793239	98640
22.805490	98784
22.856876	98928
23.002147	99072
23.013577	99216
23.032731	99360
23.060857	99504
23.081499	99648
23.240509	99792
23.262849	99936
23.282804	100080
23.305481	100224
23.325962	100368
23.495308	100512
23.508698	100656
23.519096	100800
23.545699	100944
25.188024	101088
25.214765	101232
25.230396	101376
25.273322	101520
25.288575	101664
25.297628	101808
25.307538	101952
25.343423	102096
25.353879	102240
25.362846	102384
25.376021	102528
25.445550	102672
25.465567	102816
25.475787	102960
25.508609	103104
25.518757	103248
25.535046	103392
25.551092	103536
25.570746	103680
25.586861	103824
25.725578	103968
25.738068	104112
25.767010	104256
25.787972	104400
25.798195	104544
25.807352	104688
25.820613	104832
25.839295	104976
25.861657	105120
25.872448	105264
25.918317	105408
25.928622	105552
25.939240	105696
25.948730	105840
26.003393	105984
26.014353	106128
26.025450	106272
26.045243	106416
26.064329	106560
26.083829	106704
26.098732	106848
26.125985	106992
26.265961	107136
26.276403	107280
26.286662	107424
26.295025	107568
26.317062	107712
26.326336	107856
26.511290	108000
26.524096	108144
26.533678	108288
26.551862	108432
26.572924	108576
26.588121	108720
26.604836	108864
26.622216	109008
26.640232	109152
26.652160	109296
26.662399	109440
26.688255	109584
26.726790	109728
26.748434	109872
26.775838	110016
26.784479	110160
26.821857	110304
26.830927	110448
26.841244	110592
26.874933	110736
26.890649	110880
26.908903	111024
26.917623	111168
26.948770	111312
26.976663	111456
26.986452	111600
27.003415	111744
27.011536	111888
27.023458	112032
27.041043	112176
27.052888	112320
27.062184	112464
27.072403	112608
27.081931	112752
27.099116	112896
27.195182	113040
27.212414	113184
27.222159	113328
27.250503	113472
27.271567	113616
27.354602	113760
27.365893	113904
27.379930	114048
27.403149	114192
27.416130	114336
27.426437	114480
27.435908	114624
28.107232	114768
28.136953	114912
28.147885	115056
28.161549	115200
28.170809	115344
28.186881	115488
28.205107	115632
28.217991	115776
28.229088	115920
28.245393	116064
28.270610	116208
28.284533	116352
28.305386	116496
28.315861	116640
28.333367	116784
28.342068	116928
28.354742	117072
28.383196	117216
28.426777	117360
28.460465	117504
28.470666	117648
28.505091	117792
28.517824	117936
28.536082	118080
28.547273	118224
28.556145	118368
28.613494	118512
28.943350	118656
29.010760	118800
29.020970	118944
29.033532	119088
29.045112	119232
29.055325	119376
29.064368	119520
29.081835	119664
29.092745	119808
29.107997	119952
29.128693	120096
29.158212	120240
29.186040	120384
29.201812	120528
29.211038	120672
29.249299	120816
29.259557	120960
29.272424	121104
29.301611	121248
29.317275	121392
29.327573	121536
29.336790	121680
29.350929	121824
29.366458	121968
29.378338	122112
29.396556	122256
29.409836	122400
29.422842	122544
29.441233	122688
29.453216	122832
29.464150	122976
29.473977	123120
29.499096	123264
29.508525	123408
29.518372	123552
29.594047	123696
29.663153	123840
29.678426	123984
29.700470	124128
29.752923	124272
29.762954	124416
29.772187	124560
29.782399	124704
29.889183	124848
29.898282	124992
29.966474	125136
29.976636	125280
29.986910	125424
30.003876	125568
30.053460	125712
30.064812	125856
30.076853	126000
30.102675	126144
30.126098	126288
30.156156	126432
30.167214	126576
30.178314	126720
30.187091	126864
30.197384	127008
30.213425	127152
30.224057	127296
30.235078	127440
30.247795	127584
30.259670	127728
30.282127	127872
30.293138	128016
30.323098	128160
30.336102	128304
30.350078	128448
30.363289	128592
30.375091	128736
30.386093	128880
30.465992	129024
30.496701	129168
30.508091	129312
30.530698	129456
30.594101	129600
30.623544	129744
30.671983	129888
30.682082	130032
30.705750	130176
30.733788	130320
30.742597	130464
30.752579	130608
30.872510	130752
30.883017	130896
30.892397	131040
30.904411	131184
30.935584	131328
30.953838	131472
30.979917	131616
30.998508	131760
31.010126	131904
31.022748	132048
31.045653	132192
31.112045	132336
31.139116	132480
31.152173	132624
31.161956	132768
31.180115	132912
31.247041	133056
31.261359	133200
31.270172	133344
31.279073	133488
31.289270	133632
31.331102	133776
31.352096	133920
31.388814	134064
31.441286	134208
31.458033	134352
31.467822	134496
31.480648	134640
31.501126	134784
31.511963	134928
31.599255	135072
31.850210	135216
31.861523	135360
31.886892	135504
31.896078	135648
31.920852	135792
31.933008	135936
31.947205	136080
31.967621	136224
31.985708	136368
31.995944	136512
32.011780	136656
32.035384	136800
32.047513	136944
32.055960	137088
32.068343	137232
32.079145	137376
32.088407	137520
32.101867	137664
32.112613	137808
32.124750	137952
32.135138	138096
32.260724	138240
32.269369	138384
32.278772	138528
32.289393	138672
32.300672	138816
32.390642	138960
32.407453	139104
32.432708	139248
32.443905	139392
32.454931	139536
32.472095	139680
32.532214	139824
32.545105	139968
32.575803	140112
32.618699	140256
32.627475	140400
32.640462	140544
32.664511	140688
32.676752	140832
32.702365	140976
32.716707	141120
32.744056	141264
32.757668	141408
32.770301	141552
32.780039	141696
32.797071	141840
34.417071	141984
34.429885	142128
34.460852	142272
34.586779	142416
34.669685	142560
34.680937	142704
34.691970	142848
34.700949	142992
34.718441	143136
34.731972	143280
34.800820	143424
34.813825	143568
34.826064	143712
35.088534	143856
35.136110	144000
35.149072	144144
35.159683	144288
35.219793	144432
35.228653	144576
35.236868	144720
35.254641	144864
35.263716	145008
35.272767	145152
35.292831	145296
35.441054	145440
35.451688	145584
35.460009	145728
35.480481	145872
35.492445	146016
35.501825	146160
35.511140	146304
35.521828	146448
35.533473	146592
35.555525	146736
35.564047	146880
35.574066	147024
35.583872	147168
35.594861	147312
35.604532	147456
35.623116	147600
35.633973	147744
35.648248	147888
35.670786	148032
35.679915	148176
35.818981	148320
35.856339	148464
35.868435	148608
35.962628	148752
35.990350	148896
36.002337	149040
36.011060	149184
36.030332	149328
36.038920	149472
36.047762	149616
36.056082	149760
36.074350	149904
36.082388	150048
36.091349	150192
36.103706	150336
36.129003	150480
36.138803	150624
36.150426	150768
36.160614	150912
36.178003	151056
36.207051	151200
36.215648	151344
36.236290	151488
36.245653	151632
36.254576	151776
36.267118	151920
36.276525	152064
36.285603	152208
36.323699	152352
36.334337	152496
36.344494	152640
36.365047	152784
36.511581	152928
36.522840	153072
36.535065	153216
36.572665	153360
36.588324	153504
36.600517	153648
36.728713	153792
36.744627	153936
36.757191	154080
36.769207	154224
36.790633	154368
36.811940	154512
36.821052	154656
36.836677	154800
36.848115	154944
36.868530	155088
36.879491	155232
36.898904	155376
36.929839	155520
36.939251	155664
36.973210	155808
37.031704	155952
37.040439	156096
37.058411	156240
37.143611	156384
37.165450	156528
37.209360	156672
37.237258	156816
37.250360	156960
37.262071	157104
37.301621	157248
37.322685	157392
37.341052	157536
37.353541	157680
37.367149	157824
37.383926	157968
37.393437	158112
37.415069	158256
37.463310	158400
37.481378	158544
37.494907	158688
37.506089	158832
37.519141	158976
37.539333	159120
37.552206	159264
37.564331	159408
37.621380	159552
37.630608	159696
37.641750	159840
37.650684	159984
37.920225	160128
37.931707	160272
37.949538	160416
38.016974	160560
38.040666	160704
38.074841	160848
38.114712	160992
38.124402	161136
38.246164	161280
38.262377	161424
38.271763	161568
38.284939	161712
38.297096	161856
38.547154	162000
38.559637	162144
38.784079	162288
38.799228	162432
38.809409	162576
38.824143	162720
38.837964	162864
38.848751	163008
38.894871	163152
38.963305	163296
39.015684	163440
39.027516	163584
39.054646	163728
39.071208	163872
39.082449	164016
39.093049	164160
39.103626	164304
39.118338	164448
39.302787	164592
39.310711	164736
39.323632	164880
39.363629	165024
39.382232	165168
39.394741	165312
39.406888	165456
39.418005	165600
39.445301	165744
39.455521	165888
39.464498	166032
39.473102	166176
39.524138	166320
39.535082	166464
39.548400	166608
39.586388	166752
39.599030	166896
39.694987	167040
39.739569	167184
39.768978	167328
39.777746	167472
39.796597	167616
39.807785	167760
39.914823	167904
39.937057	168048
39.946671	168192
39.955309	168336
39.966967	168480
39.977406	168624
39.988715	168768
40.005576	168912
40.015292	169056
40.033011	169200
40.044038	169344
40.052959	169488
40.067565	169632
40.083541	169776
40.149343	169920
40.231537	170064
40.246390	170208
40.258347	170352
40.266646	170496
40.287206	170640
40.338136	170784
40.352627	170928
40.366024	171072
40.380269	171216
40.390324	171360
40.560654	171504
40.571673	171648
40.597638	171792
40.629901	171936
40.641057	172080
40.649929	172224
40.674339	172368
40.686681	172512
40.698843	172656
40.710859	172800
40.725926	172944
40.742113	173088
40.752249	173232
40.786858	173376
41.417387	173520
41.437550	173664
41.454822	173808
41.528982	173952
41.539126	174096
41.547635	174240
41.558036	174384
41.578531	174528
41.595654	174672
41.607627	174816
41.616717	174960
41.635363	175104
41.772166	175248
41.782474	175392
41.830218	175536
41.843306	175680
41.851451	175824
41.861963	175968
41.870942	176112
41.881173	176256
41.893295	176400
41.959032	176544
41.969853	176688
41.980843	176832
42.000101	176976
42.008532	177120
42.017340	177264
42.027975	177408
42.043091	177552
42.125278	177696
42.142559	177840
42.164170	177984
42.188541	178128
42.221053	178272
42.234546	178416
42.245652	178560
42.256642	178704
42.280959	178848
42.296824	178992
42.343239	179136
42.351389	179280
42.364488	179424
42.374618	179568
42.414130	179712
42.423176	179856
42.431939	180000
42.605416	180144
42.688009	180288
42.697318	180432
42.707562	180576
42.718373	180720
42.741772	180864
42.808387	181008
42.818963	181152
42.831141	181296
42.853647	181440
42.872026	181584
42.886308	181728
42.895937	181872
42.904849	182016
42.970714	182160
43.004322	182304
43.025377	182448
43.047417	182592
43.073483	182736
43.083376	182880
43.119107	183024
43.127453	183168
43.139639	183312
43.150394	183456
43.179580	183600
43.201242	183744
43.213202	183888
43.249793	184032
43.675674	184176
43.691989	184320
43.706500	184464
43.723893	184608
43.737833	184752
43.752077	184896
43.773763	185040
43.791854	185184
43.872930	185328
43.884744	185472
43.894956	185616
43.904281	185760
43.913117	185904
43.927704	186048
43.935696	186192
43.944713	186336
43.979463	186480
43.992149	186624
44.133266	186768
44.306171	186912
44.332649	187056
44.347689	187200
44.394812	187344
44.403425	187488
44.412390	187632
44.421675	187776
44.433834	187920
44.444630	188064
44.466855	188208
44.474810	188352
44.483247	188496
44.497469	188640
44.515063	188784
44.527030	188928
44.539252	189072
44.582343	189216
44.620693	189360
44.644778	189504
44.715410	189648
44.724631	189792
44.738790	189936
44.748190	190080
44.799511	190224
44.808463	190368
44.824672	190512
44.836620	190656
44.851619	190800
44.872976	190944
45.498813	191088
45.510511	191232
45.545372	191376
45.556858	191520
45.569611	191664
45.601698	191808
45.612680	191952
45.623499	192096
45.639491	192240
45.650271	192384
45.667666	192528
45.689873	192672
45.707812	192816
45.749820	192960
45.759089	193104
45.792924	193248
45.805466	193392
45.816801	193536
45.879587	193680
45.914237	193824
45.923447	193968
45.948800	194112
45.961181	194256
45.985621	194400
46.004444	194544
46.019634	194688
46.028642	194832
46.077373	194976
46.113789	195120
46.122870	195264
46.132276	195408
46.145241	195552
46.154728	195696
46.166016	195840
46.180214	195984
46.196865	196128
46.209171	196272
46.233750	196416
46.264963	196560
46.296700	196704
50.598024	196848
50.707501	196992
50.736645	197136
50.750010	197280
50.761030	197424
51.045822	197568
51.054544	197712
51.062873	197856
51.075980	198000
51.086327	198144
51.109242	198288
51.119103	198432
51.127983	198576
51.137944	198720
51.180200	198864
51.197347	199008
51.206438	199152
51.217468	199296
51.239787	199440
51.248494	199584
51.259928	199728
51.269715	199872
51.281708	200016
51.293230	200160
51.302774	200304
51.313046	200448
51.326201	200592
51.346260	200736
51.362689	200880
51.376735	201024
51.385173	201168
51.396357	201312
51.406514	201456
51.418324	201600
51.432677	201744
51.462090	201888
51.471720	202032
51.481949	202176
51.721368	202320
51.736979	202464
51.745431	202608
51.840928	202752
51.851702	202896
52.090416	203040
52.122931	203184
52.148958	203328
52.168361	203472
52.196688	203616
52.211925	203760
52.231732	203904
52.242822	204048
52.264241	204192
52.281452	204336
52.309416	204480
52.327494	204624
52.335671	204768
52.350241	204912
52.366381	205056
52.376141	205200
52.400368	205344
52.421346	205488
52.476115	205632
52.487237	205776
52.497668	205920
52.507389	206064
52.518285	206208
52.558468	206352
52.575530	206496
52.584549	206640
52.599805	206784
52.630650	206928
52.639894	207072
52.650140	207216
52.659038	207360
52.668015	207504
53.342509	207648
53.353335	207792
53.367975	207936
53.378850	208080
53.392049	208224
53.401178	208368
53.411352	208512
53.423089	208656
53.440309	208800
53.452761	208944
53.464976	209088
53.475786	209232
53.516336	209376
53.539220	209520
53.641225	209664
53.651918	209808
53.745834	209952
53.753858	210096
53.766328	210240
53.777434	210384
53.791503	210528
53.803800	210672
54.099532	210816
54.117809	210960
54.130751	211104
54.141953	211248
54.290741	211392
54.308420	211536
54.334991	211680
54.348129	211824
54.363581	211968
54.372367	212112
54.381442	212256
54.397540	212400
54.410380	212544
54.439269	212688
54.449420	212832
54.461531	212976
54.472808	213120
54.482175	213264
54.499389	213408
54.508523	213552
54.519545	213696
54.531996	213840
54.544171	213984
54.560887	214128
54.613111	214272
54.632151	214416
54.646535	214560
54.657450	214704
54.687683	214848
54.698716	214992
55.680996	215136
55.691943	215280
55.700129	215424
55.709270	215568
55.719607	215712
55.890070	215856
55.905996	216000
55.938435	216144
55.949075	216288
56.035902	216432
56.047537	216576
56.090656	216720
56.156069	216864
56.166496	217008
56.176405	217152
56.200106	217296
56.212504	217440
56.225324	217584
56.256457	217728
56.268811	217872
56.396507	218016
56.422504	218160
56.440932	218304
56.511279	218448
56.521850	218592
56.533009	218736
56.554822	218880
56.563667	219024
56.600575	219168
56.629452	219312
56.639678	219456
56.650172	219600
56.676751	219744
56.734642	219888
56.814189	220032
57.017331	220176
57.046340	220320
57.059372	220464
57.067500	220608
57.075721	220752
57.109917	220896
57.135182	221040
57.185621	221184
57.197547	221328
57.207465	221472
57.267379	221616
57.284181	221760
57.293873	221904
57.313666	222048
57.321970	222192
57.340223	222336
57.354222	222480
57.362083	222624
57.370044	222768
57.385059	222912
57.427338	223056
57.439167	223200
57.453982	223344
57.482098	223488
57.492877	223632
57.504148	223776
57.520530	223920
57.529035	224064
57.540306	224208
57.560892	224352
57.601680	224496
57.610635	224640
57.635320	224784
57.653402	224928
57.661697	225072
57.673695	225216
57.684573	225360
57.759467	225504
57.769383	225648
57.834804	225792
57.909624	225936
57.941722	226080
57.951922	226224
57.963362	226368
57.974432	226512
57.984256	226656
57.996290	226800
58.026173	226944
58.037379	227088
58.072997	227232
58.103652	227376
58.112892	227520
58.129571	227664
58.204801	227808
58.219923	227952
58.270252	228096
58.284407	228240
58.368476	228384
58.384254	228528
58.413558	228672
58.422580	228816
58.436563	228960
58.546810	229104
58.587494	229248
58.595682	229392
58.612820	229536
58.621951	229680
58.646744	229824
58.674892	229968
58.770034	230112
58.778253	230256
58.789221	230400
58.799511	230544
58.933584	230688
58.949907	230832
58.970141	230976
58.984113	231120
59.072325	231264
59.210971	231408
59.227825	231552
59.246265	231696
59.271378	231840
59.324027	231984
59.334101	232128
59.344964	232272
59.426498	232416
59.436668	232560
59.446352	232704
59.457897	232848
59.536681	232992
59.572097	233136
59.583133	233280
59.592111	233424
59.827268	233568
59.836498	233712
59.845712	233856
59.854841	234000
59.869900	234144
59.892670	234288
59.927734	234432
59.954619	234576
61.355222	234720
61.375942	234864
61.404812	235008
61.424868	235152
61.435665	235296
61.446651	235440
61.455922	235584
61.463990	235728
61.472175	235872
61.482360	236016
61.520378	236160
61.529543	236304
63.474733	236448
63.490795	236592
63.505994	236736
63.526074	236880
63.538343	237024
63.550718	237168
63.562058	237312
63.588011	237456
63.596303	237600
63.627375	237744
63.648149	237888
63.684328	238032
63.697147	238176
63.707013	238320
63.719059	238464
63.729802	238608
63.748296	238752
63.790858	238896
63.800170	239040
63.808560	239184
63.825990	239328
63.838203	239472
63.851409	239616
63.859833	239760
63.872981	239904
63.887698	240048
64.004571	240192
64.014220	240336
64.023233	240480
64.034279	240624
64.049791	240768
64.061272	240912
64.071216	241056
64.079621	241200
64.089189	241344
64.100751	241488
64.116422	241632
64.137749	241776
64.151268	241920
64.162328	242064
64.174825	242208
64.186379	242352
64.221506	242496
64.232184	242640
64.241383	242784
64.249944	242928
64.260821	243072
64.295124	243216
64.344637	243360
64.353818	243504
64.392394	243648
64.443127	243792
64.480351	243936
64.501783	244080
64.510604	244224
64.525752	244368
64.542115	244512
64.551739	244656
64.570858	244800
64.583895	244944
64.594426	245088
64.609585	245232
64.690321	245376
64.710591	245520
64.749679	245664
64.758355	245808
64.766481	245952
64.795498	246096
64.806255	246240
64.816965	246384
64.830330	246528
64.844684	246672
64.866783	246816
64.875390	246960
64.888534	247104
64.896949	247248
64.912754	247392
64.981955	247536
65.015204	247680
65.025024	247824
65.037796	247968
65.046804	248112
65.055119	248256
65.068062	248400
65.076342	248544
65.085923	248688
65.094627	248832
65.108688	248976
65.138799	249120
65.149264	249264
65.193544	249408
65.211855	249552
65.244866	249696
65.254812	249840
65.296785	249984
65.306490	250128
65.352493	250272
65.422237	250416
65.434345	250560
65.458047	250704
65.473877	250848
65.486385	250992
65.551553	251136
65.574047	251280
65.603145	251424
65.643407	251568
65.652711	251712
65.694354	251856
65.703485	252000
65.715560	252144
65.724578	252288
65.740596	252432
65.751449	252576
65.767073	252720
65.776026	252864
65.785261	253008
65.794079	253152
65.819228	253296
65.911913	253440
65.922957	253584
65.935995	253728
65.963248	253872
65.993093	254016
66.004647	254160
66.012899	254304
66.022053	254448
66.031237	254592
66.042341	254736
66.053281	254880
66.061351	255024
66.082761	255168
66.122981	255312
66.155428	255456
66.191380	255600
66.211355	255744
66.229479	255888
66.240781	256032
66.255162	256176
66.265357	256320
66.281973	256464
66.290636	256608
66.299847	256752
66.311073	256896
66.323773	257040
66.342344	257184
66.351089	257328
66.363993	257472
66.404798	257616
66.418866	257760
66.428282	257904
66.451377	258048
66.467349	258192
66.486671	258336
66.518919	258480
66.535756	258624
66.547729	258768
66.628715	258912
66.640013	259056
66.649497	259200
66.732930	259344
66.757076	259488
66.767974	259632
66.776882	259776
66.788708	259920
66.815315	260064
66.840718	260208
66.871717	260352
66.881405	260496
66.890344	260640
66.936049	260784
66.950721	260928
66.958878	261072
67.855309	261216
67.886689	261360
67.894993	261504
67.903303	261648
67.912514	261792
67.931323	261936
68.116176	262080
68.127345	262224
68.164808	262368
68.173241	262512
68.193923	262656
69.782669	262800
69.790997	262944
69.801313	263088
69.822154	263232
69.832172	263376
69.845506	263520
69.865943	263664
74.256730	263808
74.276128	263952
74.286467	264096
74.537107	264240
74.558604	264384
74.569488	264528
74.578430	264672
74.602100	264816
74.616910	264960
74.633473	265104
74.689471	265248
74.736025	265392
74.756678	265536
74.768613	265680
74.776962	265824
74.807212	265968
74.822756	266112
74.848510	266256
74.967452	266400
74.984233	266544
75.002239	266688
75.014445	266832
75.050506	266976
75.066749	267120
75.078863	267264
75.104044	267408
75.125081	267552
75.140653	267696
75.153587	267840
75.187804	267984
75.202469	268128
75.236560	268272
75.248790	268416
75.282335	268560
75.291455	268704
75.312602	268848
75.325264	268992
75.482251	269136
75.492299	269280
75.527695	269424
75.537818	269568
75.552708	269712
75.582633	269856
75.705347	270000
75.718274	270144
75.744485	270288
75.771838	270432
75.791284	270576
75.800319	270720
75.809298	270864
75.826461	271008
75.855708	271152
75.869358	271296
75.880310	271440
75.929245	271584
75.939287	271728
75.956225	271872
75.966769	272016
75.975468	272160
75.984632	272304
75.995829	272448
76.006314	272592
76.844457	272736
76.852904	272880
76.905397	273024
76.916845	273168
76.939846	273312
76.954567	273456
76.962524	273600
77.221189	273744
77.259540	273888
77.267327	274032
77.279271	274176
77.300579	274320
77.309790	274464
77.319354	274608
77.359462	274752
77.373339	274896
77.382322	275040
77.409139	275184
77.426908	275328
77.456276	275472
77.466649	275616
77.477368	275760
77.486103	275904
77.510119	276048
77.519175	276192
77.570858	276336
77.579673	276480
79.166299	276624
79.188498	276768
79.206581	276912
79.216384	277056
79.228775	277200
79.356497	277344
79.382406	277488
79.391778	277632
79.402641	277776
79.413512	277920
79.425826	278064
79.435906	278208
79.456870	278352
79.469035	278496
79.479324	278640
79.488167	278784
79.506754	278928
79.549555	279072
79.577297	279216
80.039785	279360
80.059393	279504
80.069117	279648
80.082628	279792
80.100668	279936
80.112820	280080
80.121164	280224
80.383892	280368
80.393814	280512
80.403361	280656
80.414063	280800
80.490464	280944
80.499321	281088
80.520183	281232
80.529277	281376
80.538289	281520
81.099631	281664
81.112458	281808
81.123415	281952
81.135959	282096
81.145855	282240
81.160343	282384
81.171724	282528
81.180679	282672
81.258484	282816
81.268192	282960
81.286311	283104
81.296683	283248
81.307830	283392
81.319154	283536
81.409959	283680
81.427117	283824
81.438236	283968
81.447285	284112
81.537187	284256
82.752959	284400
82.775221	284544
82.794128	284688
82.802324	284832
82.824865	284976
82.835640	285120
82.851103	285264
82.859087	285408
82.886095	285552
82.908171	285696
82.916250	285840
82.925067	285984
82.933383	286128
82.944626	286272
82.989530	286416
83.015145	286560
83.025562	286704
83.042719	286848
83.059237	286992
83.073966	287136
83.088983	287280
83.097204	287424
83.121830	287568
83.133302	287712
83.143859	287856
83.153039	288000
83.188976	288144
83.203390	288288
83.211644	288432
83.226670	288576
83.235793	288720
83.245945	288864
83.280406	289008
83.305580	289152
83.354596	289296
83.365944	289440
83.382882	289584
83.402722	289728
83.415356	289872
83.425327	290016
83.434166	290160
83.444423	290304
83.465284	290448
83.476148	290592
83.515825	290736
83.523899	290880
83.532928	291024
83.558033	291168
83.569209	291312
83.577948	291456
83.649505	291600
83.657526	291744
83.669790	291888
83.682527	292032
83.702914	292176
83.711978	292320
83.727957	292464
83.739068	292608
83.807571	292752
83.908450	292896
83.924209	293040
83.938920	293184
83.953785	293328
83.966066	293472
83.997634	293616
84.011460	293760
84.045475	293904
84.066214	294048
84.094169	294192
84.135837	294336
84.165707	294480
84.195032	294624
84.206014	294768
84.232440	294912
84.252584	295056
84.269137	295200
84.304763	295344
84.373069	295488
84.384121	295632
84.399401	295776
84.408146	295920
84.448440	296064
84.456728	296208
84.469815	296352
84.501632	296496
84.509763	296640
84.526882	296784
84.545746	296928
84.733808	297072
84.745162	297216
84.753286	297360
84.762497	297504
84.772264	297648
84.781010	297792
84.810886	297936
84.822811	298080
84.831905	298224
84.841086	298368
84.873399	298512
84.906519	298656
84.917526	298800
84.963610	298944
84.979667	299088
84.992000	299232
85.002347	299376
85.011889	299520
85.020696	299664
85.028554	299808
85.052855	299952
85.074062	300096
85.112113	300240
85.127272	300384
85.138189	300528
85.156204	300672
85.368301	300816
85.403068	300960
85.413883	301104
85.422693	301248
85.438243	301392
85.449294	301536
85.458405	301680
85.480139	301824
85.496620	301968
85.518357	302112
85.534320	302256
85.569139	302400
85.585163	302544
85.595117	302688
85.632479	302832
85.650534	302976
85.659411	303120
85.667628	303264
85.690638	303408
85.701259	303552
85.710962	303696
85.719818	303840
85.729460	303984
85.740041	304128
85.748294	304272
85.757106	304416
85.764968	304560
85.785140	304704
85.809882	304848
85.821204	304992
86.211691	305136
86.226886	305280
86.235305	305424
86.252253	305568
86.292634	305712
86.303314	305856
86.334688	306000
86.347025	306144
86.355528	306288
86.368160	306432
86.380094	306576
86.388866	306720
86.398512	306864
86.409198	307008
86.431666	307152
86.440624	307296
86.451877	307440
86.461934	307584
86.475152	307728
86.499573	307872
86.523200	308016
86.613821	308160
86.632078	308304
86.673272	308448
86.689333	308592
86.708279	308736
86.716988	308880
86.729748	309024
86.741940	309168
86.751701	309312
86.760714	309456
86.796649	309600
86.812946	309744
86.821419	309888
86.841324	310032
86.851857	310176
86.871295	310320
86.886782	310464
86.899696	310608
86.908394	310752
86.930038	310896
86.962208	311040
86.972566	311184
86.985624	311328
87.010555	311472
87.022988	311616
87.031775	311760
87.041879	311904
87.056897	312048
87.123127	312192
87.135120	312336
87.145257	312480
87.155594	312624
87.190823	312768
87.227742	312912
87.236330	313056
87.246156	313200
87.264558	313344
87.276584	313488
87.284910	313632
87.329040	313776
87.339570	313920
87.541294	314064
87.556863	314208
87.574817	314352
87.584198	314496
87.594662	314640
87.602519	314784
87.610192	314928
87.621161	315072
87.659456	315216
87.718633	315360
87.743617	315504
87.753006	315648
87.780458	315792
87.802636	315936
87.814984	316080
87.823798	316224
87.839896	316368
87.855482	316512
87.874477	316656
87.983936	316800
87.993383	316944
88.009489	317088
88.021680	317232
88.083908	317376
88.092720	317520
88.101852	317664
88.112637	317808
88.125846	317952
88.136609	318096
88.145630	318240
88.154507	318384
88.163638	318528
88.177394	318672
88.297872	318816
88.333785	318960
88.347147	319104
88.357592	319248
88.381044	319392
88.388824	319536
88.397757	319680
88.412723	319824
88.427782	319968
88.436846	320112
88.444730	320256
88.468617	320400
88.497954	320544
88.506814	320688
88.515364	320832
88.532311	320976
88.540221	321120
88.555927	321264
88.566899	321408
88.578697	321552
88.586956	321696
88.600390	321840
88.611417	321984
88.620447	322128
88.669747	322272
88.677710	322416
88.686728	322560
88.715946	322704
88.730583	322848
88.741745	322992
88.752349	323136
89.092209	323280
89.113612	323424
89.135008	323568
89.145927	323712
89.165007	323856
89.177868	324000
89.189838	324144
89.780888	324288
89.814963	324432
89.865347	324576
89.904129	324720
89.922434	324864
89.941217	325008
90.123413	325152
90.136093	325296
90.149579	325440
90.159713	325584
90.168983	325728
90.186264	325872
90.195337	326016
90.212085	326160
90.220972	326304
90.278889	326448
90.289800	326592
90.308949	326736
90.381517	326880
90.391338	327024
90.419121	327168
90.446740	327312
90.524344	327456
90.544247	327600
90.557312	327744
90.567472	327888
90.878590	328032
91.032934	328176
91.041207	328320
91.052388	328464
91.060613	328608
91.070881	328752
91.080933	328896
91.107494	329040
91.123741	329184
91.136001	329328
91.182144	329472
91.190875	329616
91.207879	329760
91.217177	329904
91.237231	330048
91.263857	330192
91.275092	330336
91.287039	330480
91.329879	330624
91.349666	330768
91.573710	330912
91.653106	331056
91.662206	331200
91.672289	331344
91.682657	331488
91.705043	331632
91.720806	331776
91.733793	331920
91.742787	332064
91.751117	332208
91.808658	332352
91.819497	332496
91.828749	332640
92.113251	332784
92.126368	332928
92.270644	333072
92.328238	333216
92.512804	333360
92.524941	333504
92.536318	333648
92.545260	333792
92.559284	333936
92.582275	334080
92.593331	334224
92.610461	334368
92.632415	334512
92.641504	334656
92.691572	334800
92.702407	334944
92.713432	335088
92.722104	335232
92.738256	335376
92.760329	335520
92.768767	335664
92.785939	335808
92.802884	335952
92.821041	336096
92.829846	336240
92.839185	336384
92.850578	336528
92.864465	336672
93.018726	336816
93.029268	336960
93.208924	337104
93.217131	337248
93.239170	337392
93.248995	337536
93.260369	337680
93.279232	337824
93.289538	337968
93.302847	338112
93.316641	338256
93.344659	338400
93.367811	338544
93.388741	338688
93.408441	338832
93.423245	338976
93.430594	339120
93.470391	339264
93.479369	339408
93.488516	339552
93.500362	339696
93.565746	339840
93.574884	339984
93.583810	340128
93.595200	340272
93.603945	340416
93.622359	340560
93.632277	340704
93.645598	340848
93.681686	340992
93.718787	341136
93.728308	341280
93.736246	341424
93.753213	341568
93.781806	341712
93.792691	341856
93.804804	342000
93.815948	342144
93.898448	342288
93.907397	342432
93.927375	342576
93.940428	342720
93.950129	342864
93.971188	343008
93.999335	343152
94.023801	343296
94.039064	343440
94.052773	343584
94.063449	343728
94.073698	343872
97.209488	344016
97.294169	344160
97.306836	344304
97.315584	344448
97.334428	344592
97.482726	344736
97.491079	344880
97.518275	345024
97.528780	345168
97.544892	345312
97.552959	345456
97.562192	345600
97.572073	345744
97.587575	345888
97.615368	346032
97.624357	346176
97.638928	346320
97.654601	346464
97.691556	346608
97.764170	346752
97.772347	346896
97.782006	347040
97.794724	347184
97.803276	347328
97.814166	347472
97.822512	347616
97.833271	347760
97.848886	347904
97.857041	348048
97.874166	348192
97.882468	348336
97.891589	348480
97.900307	348624
97.910299	348768
97.932533	348912
97.942349	349056
97.955897	349200
97.982579	349344
98.024300	349488
98.049674	349632
98.062607	349776
99.670355	349920
99.680677	350064
99.690825	350208
99.701223	350352
99.712113	350496
99.727812	350640
99.752777	350784
99.784339	350928
99.846793	351072
99.858848	351216
99.869896	351360
99.884109	351504
99.908167	351648
99.952734	351792
99.965863	351936
99.974591	352080
99.988478	352224
100.016690	352368
100.026544	352512
100.083802	352656
100.098292	352800
100.107400	352944
100.122610	353088
100.156156	353232
100.181397	353376
100.196436	353520
100.213040	353664
100.241287	353808
100.262001	353952
100.275097	354096
100.284223	354240
100.314447	354384
100.322877	354528
100.468739	354672
100.477427	354816
100.504619	354960
100.512890	355104
100.528280	355248
100.564935	355392
100.592468	355536
100.606253	355680
100.615148	355824
100.623073	355968
100.633511	356112
100.642033	356256
100.655220	356400
100.671339	356544
100.720312	356688
100.743488	356832
100.756666	356976
100.766451	357120
100.786674	357264
100.795625	357408
100.807369	357552
100.817250	357696
100.839685	357840
100.882637	357984
100.890508	358128
100.902230	358272
100.942713	358416
100.953858	358560
100.991774	358704
101.003038	358848
101.041654	358992
101.073140	359136
101.092054	359280
101.431522	359424
101.450912	359568